50
ERS012303       0.00000000 0.04928319 0.04968109 0.01054714 0.04974822 0.04977073 0.00008776 0.04941950 0.01050122 0.04963199 0.04939153 0.00016164 0.04910938 0.00013124 0.04928244 0.06139099 0.01275504 0.06937562 0.05307240 0.10001894 0.07662939 0.07210768 0.08104150 0.07511413 0.07700269 0.07332358 0.05513372 0.06540940 0.06566628 0.08080842 0.02051997 0.02464253 0.08270057 0.02517533 0.02448426 0.08022355 0.07914166 0.08047963 0.02138534 0.01679274 0.07908527 0.06985537 0.07632099 0.07829353 0.07720965 0.08093215 0.08191230 0.07967110 0.07982466 0.07144553 
ERS012306       0.04928319 0.00000000 0.02593626 0.04765128 0.00020709 0.02597503 0.04932151 0.00015240 0.04751940 0.02589356 0.00017229 0.04922863 0.00018568 0.04918922 0.00016567 0.07355026 0.05160442 0.07259032 0.03043547 0.10096590 0.08226455 0.07628352 0.08440988 0.08144485 0.08302714 0.07885623 0.03400175 0.07462915 0.07496500 0.08268868 0.04849294 0.05139053 0.08652802 0.05260355 0.05131789 0.08497585 0.08290770 0.08390510 0.04918384 0.05659156 0.08332310 0.07433451 0.08152168 0.08366502 0.07921374 0.08442228 0.08529259 0.08523552 0.08499287 0.07717715 
ERS012307       0.04968109 0.02593626 0.00000000 0.04945928 0.02616710 0.00015122 0.04950806 0.02591827 0.04933207 0.00011326 0.02598261 0.04965045 0.02587134 0.04961392 0.02599180 0.06514495 0.05429131 0.07047446 0.03305782 0.10063300 0.08090114 0.07441761 0.08528957 0.08149007 0.08313698 0.07791641 0.03312906 0.06533543 0.06555167 0.08225877 0.05263870 0.05536958 0.08634168 0.05515261 0.05509922 0.08418820 0.08427770 0.08350021 0.05341202 0.05826464 0.08292642 0.07037454 0.08141659 0.08316689 0.07962997 0.08506468 0.08589245 0.08401918 0.08380055 0.07535498 
ERS012309       0.01054714 0.04765128 0.04945928 0.00000000 0.04808629 0.04952325 0.01055420 0.04772286 0.00007414 0.04934686 0.04780753 0.01056934 0.04747405 0.01057018 0.04765933 0.07075604 0.00983741 0.07321173 0.05166396 0.10307434 0.07957980 0.07530188 0.08332548 0.07502003 0.07773444 0.07547797 0.05326835 0.07490090 0.07517141 0.08261039 0.01651996 0.02125013 0.08304297 0.02242506 0.02108582 0.08167060 0.08061489 0.08124431 0.01800962 0.01499500 0.07987804 0.07431017 0.07792729 0.07936978 0.07817058 0.08179325 0.08257151 0.08054351 0.08073217 0.07417440 
ERS012312       0.04974822 0.00020709 0.02616710 0.04808629 0.00000000 0.02620648 0.04985274 0.00021122 0.04797167 0.02609933 0.00023448 0.04974546 0.00017651 0.04965852 0.00020406 0.07434575 0.05213268 0.07338885 0.03071559 0.10228942 0.08305816 0.07699815 0.08512874 0.08219148 0.08385310 0.07962063 0.03428680 0.07541422 0.07575523 0.08348739 0.04896785 0.05183514 0.08733052 0.05310314 0.05178611 0.08576799 0.08369769 0.08473048 0.04967220 0.05721201 0.08409109 0.07512542 0.08240173 0.08457722 0.08006215 0.08523251 0.08602118 0.08599153 0.08575879 0.07792722 
ERS012313       0.04977073 0.02597503 0.00015122 0.04952325 0.02620648 0.00000000 0.04959892 0.02594730 0.04939453 0.00015464 0.02600702 0.04975113 0.02586055 0.04969248 0.02602296 0.06526174 0.05439821 0.07057387 0.03312362 0.10082922 0.08099629 0.07447437 0.08541199 0.08156462 0.08315296 0.07807081 0.03317118 0.06542779 0.06565578 0.08239579 0.05270433 0.05541931 0.08642363 0.05524630 0.05516658 0.08432420 0.08440858 0.08365951 0.05349811 0.05835889 0.08299763 0.07053830 0.08151623 0.08325030 0.07970826 0.08518774 0.08601663 0.08407618 0.08386336 0.07550893 
ERS012316       0.00008776 0.04932151 0.04950806 0.01055420 0.04985274 0.04959892 0.00000000 0.04934168 0.01053423 0.04946011 0.04949384 0.00014507 0.04919450 0.00012149 0.04937665 0.06144198 0.01275115 0.06932626 0.05295537 0.10023113 0.07647506 0.07222401 0.08089740 0.07533335 0.07681758 0.07347570 0.05526850 0.06548721 0.06574075 0.08063591 0.02052665 0.02474491 0.08290920 0.02518017 0.02457095 0.08044704 0.07893077 0.08041809 0.02144561 0.01681203 0.07924592 0.07000970 0.07621850 0.07849976 0.07739654 0.08090337 0.08180493 0.07985218 0.07965635 0.07160273 
ERS012320       0.04941950 0.00015240 0.02591827 0.04772286 0.00021122 0.02594730 0.04934168 0.00000000 0.04761725 0.02589344 0.00015597 0.04937155 0.00015575 0.04933768 0.00016599 0.07382275 0.05158830 0.07273968 0.03033660 0.10153359 0.08217480 0.07650516 0.08421462 0.08166378 0.08301704 0.07908780 0.03404998 0.07492293 0.07521004 0.08267219 0.04854026 0.05153816 0.08680971 0.05255539 0.05144857 0.08512024 0.08273533 0.08376948 0.04930082 0.05677515 0.08353702 0.07457019 0.08147101 0.08401204 0.07943818 0.08415106 0.08517657 0.08549691 0.08492592 0.07736400 
ERS012330       0.01050122 0.04751940 0.04933207 0.00007414 0.04797167 0.04939453 0.01053423 0.04761725 0.00000000 0.04921945 0.04766826 0.01053579 0.04737173 0.01052101 0.04751773 0.07060888 0.00985054 0.07315153 0.05152396 0.10294971 0.07938045 0.07520654 0.08312520 0.07487194 0.07764513 0.07536429 0.05316454 0.07475278 0.07502211 0.08243038 0.01651263 0.02122991 0.08285543 0.02240132 0.02108299 0.08148212 0.08049242 0.08105124 0.01801143 0.01499699 0.07972961 0.07417297 0.07780610 0.07924180 0.07803800 0.08169396 0.08236801 0.08039930 0.08058065 0.07410150 
ERS012332       0.04963199 0.02589356 0.00011326 0.04934686 0.02609933 0.00015464 0.04946011 0.02589344 0.04921945 0.00000000 0.02596667 0.04962620 0.02581676 0.04958261 0.02593411 0.06506250 0.05421762 0.07031680 0.03297709 0.10041617 0.08069102 0.07424823 0.08515952 0.08139321 0.08291738 0.07777244 0.03308739 0.06525369 0.06545256 0.08216325 0.05258892 0.05532379 0.08620388 0.05507389 0.05505554 0.08401490 0.08418484 0.08336695 0.05339546 0.05820940 0.08278711 0.07028674 0.08140434 0.08303141 0.07952690 0.08491174 0.08570312 0.08389102 0.08368782 0.07525593 
ERS012358       0.04939153 0.00017229 0.02598261 0.04780753 0.00023448 0.02600702 0.04949384 0.00015597 0.04766826 0.02596667 0.00000000 0.04937689 0.00019262 0.04933309 0.00015907 0.07374882 0.05180784 0.07279042 0.03048316 0.10137567 0.08250232 0.07647775 0.08458526 0.08164886 0.08327650 0.07906170 0.03409732 0.07485595 0.07517430 0.08292629 0.04863998 0.05151666 0.08685061 0.05273161 0.05144138 0.08521591 0.08311407 0.08405269 0.04931133 0.05678447 0.08353543 0.07458520 0.08175195 0.08393989 0.07941864 0.08460339 0.08554951 0.08545248 0.08521671 0.07739788 
ERS012362       0.00016164 0.04922863 0.04965045 0.01056934 0.04974546 0.04975113 0.00014507 0.04937155 0.01053579 0.04962620 0.04937689 0.00000000 0.04908423 0.00008741 0.04925844 0.06134346 0.01278202 0.06934969 0.05303466 0.09993480 0.07661851 0.07207105 0.08095612 0.07510233 0.07703415 0.07324978 0.05510392 0.06540886 0.06566384 0.08079554 0.02058695 0.02470081 0.08267851 0.02525925 0.02453916 0.08023877 0.07909623 0.08049539 0.02145266 0.01677378 0.07909465 0.06988893 0.07632200 0.07832871 0.07724463 0.08095159 0.08187615 0.07969008 0.07982887 0.07147984 
ERS012363       0.04910938 0.00018568 0.02587134 0.04747405 0.00017651 0.02586055 0.04919450 0.00015575 0.04737173 0.02581676 0.00019262 0.04908423 0.00000000 0.04901885 0.00016231 0.07335845 0.05166988 0.07275680 0.03043565 0.10144279 0.08196508 0.07625372 0.08448204 0.08106350 0.08277124 0.07857106 0.03382756 0.07475456 0.07500640 0.08238893 0.04850172 0.05138697 0.08624205 0.05242786 0.05114296 0.08512352 0.08264865 0.08364104 0.04902596 0.05667257 0.08339253 0.07415298 0.08126915 0.08346517 0.07944110 0.08468765 0.08544769 0.08485150 0.08497519 0.07695634 
ERS012365       0.00013124 0.04918922 0.04961392 0.01057018 0.04965852 0.04969248 0.00012149 0.04933768 0.01052101 0.04958261 0.04933309 0.00008741 0.04901885 0.00000000 0.04919610 0.06130170 0.01278275 0.06939743 0.05299952 0.09998374 0.07661294 0.07205974 0.08092773 0.07505895 0.07701762 0.07326375 0.05512587 0.06534284 0.06560013 0.08070751 0.02054033 0.02465250 0.08264626 0.02520742 0.02447597 0.08016480 0.07901774 0.08041589 0.02140397 0.01678385 0.07901419 0.06982991 0.07628076 0.07817288 0.07710744 0.08087129 0.08181769 0.07962856 0.07977414 0.07140866 
ERS012370       0.04928244 0.00016567 0.02599180 0.04765933 0.00020406 0.02602296 0.04937665 0.00016599 0.04751773 0.02593411 0.00015907 0.04925844 0.00016231 0.04919610 0.00000000 0.07378507 0.05171041 0.07261734 0.03048078 0.10098206 0.08223266 0.07649569 0.08466451 0.08175540 0.08304939 0.07882121 0.03407996 0.07460666 0.07491086 0.08282627 0.04852030 0.05138245 0.08691093 0.05264208 0.05134602 0.08528211 0.08316214 0.08416275 0.04921825 0.05666978 0.08361036 0.07455951 0.08157136 0.08370009 0.07925288 0.08471826 0.08562268 0.08552970 0.08530758 0.07747185 
ERS013343       0.06139099 0.07355026 0.06514495 0.07075604 0.07434575 0.06526174 0.06144198 0.07382275 0.07060888 0.06506250 0.07374882 0.06134346 0.07335845 0.06130170 0.07378507 0.00000000 0.06222287 0.04780065 0.07085159 0.07239497 0.06112189 0.05898684 0.07751130 0.07642875 0.07208829 0.06643355 0.07482626 0.00393015 0.00395129 0.07019035 0.06894609 0.07065520 0.07869756 0.06967035 0.07028605 0.07491118 0.07095839 0.07225721 0.06980264 0.06207594 0.07625208 0.03402679 0.07073554 0.06974171 0.06633553 0.07724419 0.07895722 0.07735210 0.07741808 0.05261934 
ERS013346       0.01275504 0.05160442 0.05429131 0.00983741 0.05213268 0.05439821 0.01275115 0.05158830 0.00985054 0.05421762 0.05180784 0.01278202 0.05166988 0.01278275 0.05171041 0.06222287 0.00000000 0.07072200 0.05416255 0.09963608 0.07686519 0.07340339 0.08218547 0.07514334 0.07821497 0.07334437 0.05813620 0.06617485 0.06641340 0.08120682 0.01730154 0.02253610 0.08437727 0.02294823 0.02243910 0.08211093 0.08025333 0.07991506 0.01910449 0.00895137 0.07926789 0.07085652 0.07730819 0.07889267 0.07655469 0.08145854 0.08252256 0.08055493 0.08016971 0.07201217 
ERS013348       0.06937562 0.07259032 0.07047446 0.07321173 0.07338885 0.07057387 0.06932626 0.07273968 0.07315153 0.07031680 0.07279042 0.06934969 0.07275680 0.06939743 0.07261734 0.04780065 0.07072200 0.00000000 0.06626183 0.00790071 0.05712972 0.04358471 0.07554439 0.07704685 0.06868460 0.05853968 0.07326083 0.04674301 0.04686328 0.06821685 0.06953401 0.06962805 0.07885150 0.06860726 0.06935903 0.07663040 0.06556659 0.07377814 0.06793928 0.06935263 0.07542785 0.03720551 0.06909927 0.06783835 0.05896557 0.07660985 0.07681435 0.07907081 0.07875591 0.03883811 
ERS013352       0.05307240 0.03043547 0.03305782 0.05166396 0.03071559 0.03312362 0.05295537 0.03033660 0.05152396 0.03297709 0.03048316 0.05303466 0.03043565 0.05299952 0.03048078 0.07085159 0.05416255 0.06626183 0.00000000 0.09119100 0.07955652 0.07198528 0.08470324 0.08256616 0.08333211 0.07818595 0.03956442 0.07144084 0.07172722 0.08259350 0.05371680 0.05626260 0.08854336 0.05724171 0.05621522 0.08612757 0.08180031 0.08356990 0.05413965 0.05922241 0.08488321 0.06833516 0.08325546 0.08239896 0.07821854 0.08711867 0.08653586 0.08630170 0.08569755 0.07032259 
ERS013354       0.10001894 0.10096590 0.10063300 0.10307434 0.10228942 0.10082922 0.10023113 0.10153359 0.10294971 0.10041617 0.10137567 0.09993480 0.10144279 0.09998374 0.10098206 0.07239497 0.09963608 0.00790071 0.09119100 0.00000000 0.08076840 0.05562830 0.10666776 0.10777342 0.09674833 0.08148541 0.10222696 0.07009628 0.07055462 0.09804713 0.09786448 0.09748886 0.11140650 0.09635099 0.09754287 0.11060319 0.09196367 0.10700593 0.09389556 0.09719517 0.10451721 0.05677496 0.09983198 0.09598606 0.08230950 0.10903434 0.10893726 0.11047431 0.11008481 0.05026809 
ERS013364       0.07662939 0.08226455 0.08090114 0.07957980 0.08305816 0.08099629 0.07647506 0.08217480 0.07938045 0.08069102 0.08250232 0.07661851 0.08196508 0.07661294 0.08223266 0.06112189 0.07686519 0.05712972 0.07955652 0.08076840 0.00000000 0.06030766 0.07785740 0.07812449 0.06995116 0.06277532 0.08131344 0.06004455 0.06021164 0.07388238 0.07612363 0.07628946 0.07778219 0.07502257 0.07583428 0.07979120 0.07493426 0.07535596 0.07513047 0.07493998 0.07827778 0.05649238 0.07003804 0.06902581 0.06355070 0.07762190 0.07803420 0.07982950 0.07952647 0.05973327 
GCA_963560585_1 0.07210768 0.07628352 0.07441761 0.07530188 0.07699815 0.07447437 0.07222401 0.07650516 0.07520654 0.07424823 0.07647775 0.07207105 0.07625372 0.07205974 0.07649569 0.05898684 0.07340339 0.04358471 0.07198528 0.05562830 0.06030766 0.00000000 0.07256797 0.06675791 0.06636999 0.05649862 0.07557386 0.05811495 0.05817292 0.05852674 0.07123048 0.07168933 0.07264661 0.07039602 0.07150868 0.07188188 0.06353317 0.07387983 0.06931308 0.07117542 0.06641799 0.05194601 0.06764880 0.06421832 0.05677584 0.07142514 0.07203372 0.06801746 0.06785856 0.02560090 
GCA_963560675_1 0.08104150 0.08440988 0.08528957 0.08332548 0.08512874 0.08541199 0.08089740 0.08421462 0.08312520 0.08515952 0.08458526 0.08095612 0.08448204 0.08092773 0.08466451 0.07751130 0.08218547 0.07554439 0.08470324 0.10666776 0.07785740 0.07256797 0.00000000 0.08071362 0.07834669 0.07886535 0.08661487 0.07538927 0.07575212 0.08517433 0.08141081 0.08234475 0.08436861 0.08056811 0.08227600 0.07949874 0.04136509 0.08241086 0.08055166 0.08064292 0.07392727 0.07026003 0.08072355 0.07985557 0.07859137 0.07988020 0.07405883 0.08181244 0.08119630 0.07259922 
GCA_963560735_1 0.07511413 0.08144485 0.08149007 0.07502003 0.08219148 0.08156462 0.07533335 0.08166378 0.07487194 0.08139321 0.08164886 0.07510233 0.08106350 0.07505895 0.08175540 0.07642875 0.07514334 0.07704685 0.08256616 0.10777342 0.07812449 0.06675791 0.08071362 0.00000000 0.07142161 0.07464227 0.07939485 0.07536893 0.07563942 0.08315147 0.07230247 0.07114708 0.03035491 0.07214868 0.07072821 0.04143534 0.07823789 0.07808790 0.07154984 0.07377033 0.01357786 0.07635705 0.08253693 0.07293876 0.07923925 0.03613194 0.03984882 0.00763618 0.00763867 0.07552406 
GCA_963560915_1 0.07700269 0.08302714 0.08313698 0.07773444 0.08385310 0.08315296 0.07681758 0.08301704 0.07764513 0.08291738 0.08327650 0.07703415 0.08277124 0.07701762 0.08304939 0.07208829 0.07821497 0.06868460 0.08333211 0.09674833 0.06995116 0.06636999 0.07834669 0.07142161 0.00000000 0.07081912 0.08088179 0.07045307 0.07069498 0.08038844 0.07744136 0.07565076 0.07297565 0.07744784 0.07503073 0.07231730 0.07237135 0.07189967 0.07661985 0.07711210 0.07201518 0.06836058 0.07780388 0.05360399 0.07143918 0.06899048 0.06629460 0.07031900 0.07006791 0.06763667 
GCA_963560945_1 0.07332358 0.07885623 0.07791641 0.07547797 0.07962063 0.07807081 0.07347570 0.07908780 0.07536429 0.07777244 0.07906170 0.07324978 0.07857106 0.07326375 0.07882121 0.06643355 0.07334437 0.05853968 0.07818595 0.08148541 0.06277532 0.05649862 0.07886535 0.07464227 0.07081912 0.00000000 0.07489095 0.06496492 0.06517712 0.06890716 0.06916785 0.07145881 0.07644687 0.07018727 0.07097105 0.08070067 0.07005847 0.07203915 0.07088655 0.07163246 0.07590199 0.06462418 0.06440274 0.06934067 0.05826474 0.07455381 0.07893923 0.07677955 0.07703404 0.05753300 
GCA_963561075_1 0.05513372 0.03400175 0.03312906 0.05326835 0.03428680 0.03317118 0.05526850 0.03404998 0.05316454 0.03308739 0.03409732 0.05510392 0.03382756 0.05512587 0.03407996 0.07482626 0.05813620 0.07326083 0.03956442 0.10222696 0.08131344 0.07557386 0.08661487 0.07939485 0.08088179 0.07489095 0.00000000 0.07566019 0.07594167 0.07921125 0.05641547 0.05877572 0.08374882 0.05889911 0.05844390 0.08256261 0.08366848 0.08463232 0.05742082 0.06158616 0.08205205 0.07446183 0.07939159 0.08035763 0.07896232 0.08261450 0.08302759 0.08153089 0.08178366 0.07587161 
GCA_963561215_1 0.06540940 0.07462915 0.06533543 0.07490090 0.07541422 0.06542779 0.06548721 0.07492293 0.07475278 0.06525369 0.07485595 0.06540886 0.07475456 0.06534284 0.07460666 0.00393015 0.06617485 0.04674301 0.07144084 0.07009628 0.06004455 0.05811495 0.07538927 0.07536893 0.07045307 0.06496492 0.07566019 0.00000000 0.00005877 0.06941074 0.07147267 0.07245498 0.07769096 0.07173982 0.07231816 0.07467109 0.07036209 0.07079727 0.07197774 0.06560861 0.07424619 0.03264556 0.06898085 0.06886382 0.06485897 0.07571170 0.07696301 0.07623670 0.07604337 0.05201983 
GCA_963561435_1 0.06566628 0.07496500 0.06555167 0.07517141 0.07575523 0.06565578 0.06574075 0.07521004 0.07502211 0.06545256 0.07517430 0.06566384 0.07500640 0.06560013 0.07491086 0.00395129 0.06641340 0.04686328 0.07172722 0.07055462 0.06021164 0.05817292 0.07575212 0.07563942 0.07069498 0.06517712 0.07594167 0.00005877 0.00000000 0.06961082 0.07178641 0.07276517 0.07798551 0.07198501 0.07255911 0.07501346 0.07052137 0.07107841 0.07222010 0.06581710 0.07466984 0.03270415 0.06921892 0.06902960 0.06508444 0.07602633 0.07740039 0.07651901 0.07627134 0.05210754 
GCA_963561835_1 0.08080842 0.08268868 0.08225877 0.08261039 0.08348739 0.08239579 0.08063591 0.08267219 0.08243038 0.08216325 0.08292629 0.08079554 0.08238893 0.08070751 0.08282627 0.07019035 0.08120682 0.06821685 0.08259350 0.09804713 0.07388238 0.05852674 0.08517433 0.08315147 0.08038844 0.06890716 0.07921125 0.06941074 0.06961082 0.00000000 0.07911664 0.07924618 0.08619255 0.07804258 0.07875248 0.08492055 0.07944714 0.07365280 0.07932207 0.07767794 0.08306873 0.06963439 0.06208487 0.07573871 0.07193660 0.08400023 0.08317034 0.08361797 0.08331773 0.06087072 
GCA_963561855_1 0.02051997 0.04849294 0.05263870 0.01651996 0.04896785 0.05270433 0.02052665 0.04854026 0.01651263 0.05258892 0.04863998 0.02058695 0.04850172 0.02054033 0.04852030 0.06894609 0.01730154 0.06953401 0.05371680 0.09786448 0.07612363 0.07123048 0.08141081 0.07230247 0.07744136 0.06916785 0.05641547 0.07147267 0.07178641 0.07911664 0.00000000 0.01086897 0.08211827 0.01156630 0.01077320 0.07995667 0.07737936 0.08034078 0.00652589 0.02298309 0.07877767 0.07122384 0.07470682 0.07693208 0.07358562 0.07978317 0.08050275 0.07937900 0.07907478 0.07016366 
GCA_963561915_1 0.02464253 0.05139053 0.05536958 0.02125013 0.05183514 0.05541931 0.02474491 0.05153816 0.02122991 0.05532379 0.05151666 0.02470081 0.05138697 0.02465250 0.05138245 0.07065520 0.02253610 0.06962805 0.05626260 0.09748886 0.07628946 0.07168933 0.08234475 0.07114708 0.07565076 0.07145881 0.05877572 0.07245498 0.07276517 0.07924618 0.01086897 0.00000000 0.08174656 0.01600925 0.00024765 0.07979548 0.07854086 0.08009734 0.01187227 0.02751216 0.07918695 0.07167572 0.07649441 0.07536085 0.07349100 0.07810209 0.07984136 0.07998257 0.07998147 0.06990179 
GCA_963561975_1 0.08270057 0.08652802 0.08634168 0.08304297 0.08733052 0.08642363 0.08290920 0.08680971 0.08285543 0.08620388 0.08685061 0.08267851 0.08624205 0.08264626 0.08691093 0.07869756 0.08437727 0.07885150 0.08854336 0.11140650 0.07778219 0.07264661 0.08436861 0.03035491 0.07297565 0.07644687 0.08374882 0.07769096 0.07798551 0.08619255 0.08211827 0.08174656 0.00000000 0.08137053 0.08134031 0.03921702 0.08035243 0.08074600 0.08062240 0.08087842 0.03071151 0.07834171 0.08462251 0.07526624 0.07964917 0.03568322 0.04127682 0.02555982 0.02553380 0.07804653 
GCA_963562615_1 0.02517533 0.05260355 0.05515261 0.02242506 0.05310314 0.05524630 0.02518017 0.05255539 0.02240132 0.05507389 0.05273161 0.02525925 0.05242786 0.02520742 0.05264208 0.06967035 0.02294823 0.06860726 0.05724171 0.09635099 0.07502257 0.07039602 0.08056811 0.07214868 0.07744784 0.07018727 0.05889911 0.07173982 0.07198501 0.07804258 0.01156630 0.01600925 0.08137053 0.00000000 0.01587461 0.07793086 0.07660690 0.07945665 0.01248712 0.02777962 0.07749766 0.06979910 0.07340969 0.07510487 0.07459375 0.07794705 0.07876723 0.07829482 0.07817989 0.06868286 
GCA_963562655_1 0.02448426 0.05131789 0.05509922 0.02108582 0.05178611 0.05516658 0.02457095 0.05144857 0.02108299 0.05505554 0.05144138 0.02453916 0.05114296 0.02447597 0.05134602 0.07028605 0.02243910 0.06935903 0.05621522 0.09754287 0.07583428 0.07150868 0.08227600 0.07072821 0.07503073 0.07097105 0.05844390 0.07231816 0.07255911 0.07875248 0.01077320 0.00024765 0.08134031 0.01587461 0.00000000 0.07970380 0.07819616 0.07961188 0.01174575 0.02740586 0.07897003 0.07131762 0.07615609 0.07507739 0.07351006 0.07799856 0.07974905 0.07956731 0.07971200 0.06949665 
GCA_963562695_1 0.08022355 0.08497585 0.08418820 0.08167060 0.08576799 0.08432420 0.08044704 0.08512024 0.08148212 0.08401490 0.08521591 0.08023877 0.08512352 0.08016480 0.08528211 0.07491118 0.08211093 0.07663040 0.08612757 0.11060319 0.07979120 0.07188188 0.07949874 0.04143534 0.07231730 0.08070067 0.08256261 0.07467109 0.07501346 0.08492055 0.07995667 0.07979548 0.03921702 0.07793086 0.07970380 0.00000000 0.07782104 0.08024686 0.07957415 0.07867072 0.03933120 0.07293216 0.08523041 0.07456183 0.07945110 0.02543505 0.02786745 0.03543149 0.03541775 0.07539379 
GCA_963562795_1 0.07914166 0.08290770 0.08427770 0.08061489 0.08369769 0.08440858 0.07893077 0.08273533 0.08049242 0.08418484 0.08311407 0.07909623 0.08264865 0.07901774 0.08316214 0.07095839 0.08025333 0.06556659 0.08180031 0.09196367 0.07493426 0.06353317 0.04136509 0.07823789 0.07237135 0.07005847 0.08366848 0.07036209 0.07052137 0.07944714 0.07737936 0.07854086 0.08035243 0.07660690 0.07819616 0.07782104 0.00000000 0.07789423 0.07768376 0.07825875 0.07543840 0.06261401 0.07660721 0.07426837 0.07215333 0.07750653 0.07104123 0.07955358 0.07933895 0.06220073 
GCA_963562965_1 0.08047963 0.08390510 0.08350021 0.08124431 0.08473048 0.08365951 0.08041809 0.08376948 0.08105124 0.08336695 0.08405269 0.08049539 0.08364104 0.08041589 0.08416275 0.07225721 0.07991506 0.07377814 0.08356990 0.10700593 0.07535596 0.07387983 0.08241086 0.07808790 0.07189967 0.07203915 0.08463232 0.07079727 0.07107841 0.07365280 0.08034078 0.08009734 0.08074600 0.07945665 0.07961188 0.08024686 0.07789423 0.00000000 0.08007870 0.07842794 0.07923139 0.07223520 0.07997714 0.07727599 0.07452929 0.07667431 0.07232580 0.07784554 0.07765364 0.07542522 
GCA_963563065_1 0.02138534 0.04918384 0.05341202 0.01800962 0.04967220 0.05349811 0.02144561 0.04930082 0.01801143 0.05339546 0.04931133 0.02145266 0.04902596 0.02140397 0.04921825 0.06980264 0.01910449 0.06793928 0.05413965 0.09389556 0.07513047 0.06931308 0.08055166 0.07154984 0.07661985 0.07088655 0.05742082 0.07197774 0.07222010 0.07932207 0.00652589 0.01187227 0.08062240 0.01248712 0.01174575 0.07957415 0.07768376 0.08007870 0.00000000 0.02471449 0.07772052 0.06987568 0.07561375 0.07612637 0.07381992 0.07847736 0.07944674 0.07790453 0.07808365 0.06849362 
GCA_963563155_1 0.01679274 0.05659156 0.05826464 0.01499500 0.05721201 0.05835889 0.01681203 0.05677515 0.01499699 0.05820940 0.05678447 0.01677378 0.05667257 0.01678385 0.05666978 0.06207594 0.00895137 0.06935263 0.05922241 0.09719517 0.07493998 0.07117542 0.08064292 0.07377033 0.07711210 0.07163246 0.06158616 0.06560861 0.06581710 0.07767794 0.02298309 0.02751216 0.08087842 0.02777962 0.02740586 0.07867072 0.07825875 0.07842794 0.02471449 0.00000000 0.07743506 0.06985714 0.07465425 0.07546625 0.07496579 0.07859741 0.07956421 0.07783752 0.07771882 0.06950556 
GCA_963563475_1 0.07908527 0.08332310 0.08292642 0.07987804 0.08409109 0.08299763 0.07924592 0.08353702 0.07972961 0.08278711 0.08353543 0.07909465 0.08339253 0.07901419 0.08361036 0.07625208 0.07926789 0.07542785 0.08488321 0.10451721 0.07827778 0.06641799 0.07392727 0.01357786 0.07201518 0.07590199 0.08205205 0.07424619 0.07466984 0.08306873 0.07877767 0.07918695 0.03071151 0.07749766 0.07897003 0.03933120 0.07543840 0.07923139 0.07772052 0.07743506 0.00000000 0.07546990 0.08255140 0.07325892 0.07852229 0.03515862 0.03869785 0.00587778 0.00587412 0.07352367 
GCA_963563525_1 0.06985537 0.07433451 0.07037454 0.07431017 0.07512542 0.07053830 0.07000970 0.07457019 0.07417297 0.07028674 0.07458520 0.06988893 0.07415298 0.06982991 0.07455951 0.03402679 0.07085652 0.03720551 0.06833516 0.05677496 0.05649238 0.05194601 0.07026003 0.07635705 0.06836058 0.06462418 0.07446183 0.03264556 0.03270415 0.06963439 0.07122384 0.07167572 0.07834171 0.06979910 0.07131762 0.07293216 0.06261401 0.07223520 0.06987568 0.06985714 0.07546990 0.00000000 0.06934452 0.06816120 0.06196920 0.07668586 0.07627732 0.07670109 0.07720571 0.04397318 
GCA_963563635_1 0.07632099 0.08152168 0.08141659 0.07792729 0.08240173 0.08151623 0.07621850 0.08147101 0.07780610 0.08140434 0.08175195 0.07632200 0.08126915 0.07628076 0.08157136 0.07073554 0.07730819 0.06909927 0.08325546 0.09983198 0.07003804 0.06764880 0.08072355 0.08253693 0.07780388 0.06440274 0.07939159 0.06898085 0.06921892 0.06208487 0.07470682 0.07649441 0.08462251 0.07340969 0.07615609 0.08523041 0.07660721 0.07997714 0.07561375 0.07465425 0.08255140 0.06934452 0.00000000 0.07225993 0.07045481 0.08228431 0.08336895 0.08357719 0.08334765 0.06632364 
GCA_963563715_1 0.07829353 0.08366502 0.08316689 0.07936978 0.08457722 0.08325030 0.07849976 0.08401204 0.07924180 0.08303141 0.08393989 0.07832871 0.08346517 0.07817288 0.08370009 0.06974171 0.07889267 0.06783835 0.08239896 0.09598606 0.06902581 0.06421832 0.07985557 0.07293876 0.05360399 0.06934067 0.08035763 0.06886382 0.06902960 0.07573871 0.07693208 0.07536085 0.07526624 0.07510487 0.07507739 0.07456183 0.07426837 0.07727599 0.07612637 0.07546625 0.07325892 0.06816120 0.07225993 0.00000000 0.06991544 0.07087706 0.07094533 0.07300712 0.07311682 0.06561032 
GCA_963564305_1 0.07720965 0.07921374 0.07962997 0.07817058 0.08006215 0.07970826 0.07739654 0.07943818 0.07803800 0.07952690 0.07941864 0.07724463 0.07944110 0.07710744 0.07925288 0.06633553 0.07655469 0.05896557 0.07821854 0.08230950 0.06355070 0.05677584 0.07859137 0.07923925 0.07143918 0.05826474 0.07896232 0.06485897 0.06508444 0.07193660 0.07358562 0.07349100 0.07964917 0.07459375 0.07351006 0.07945110 0.07215333 0.07452929 0.07381992 0.07496579 0.07852229 0.06196920 0.07045481 0.06991544 0.00000000 0.07967532 0.07973034 0.08120496 0.08095877 0.05908199 
GCA_963564375_1 0.08093215 0.08442228 0.08506468 0.08179325 0.08523251 0.08518774 0.08090337 0.08415106 0.08169396 0.08491174 0.08460339 0.08095159 0.08468765 0.08087129 0.08471826 0.07724419 0.08145854 0.07660985 0.08711867 0.10903434 0.07762190 0.07142514 0.07988020 0.03613194 0.06899048 0.07455381 0.08261450 0.07571170 0.07602633 0.08400023 0.07978317 0.07810209 0.03568322 0.07794705 0.07799856 0.02543505 0.07750653 0.07667431 0.07847736 0.07859741 0.03515862 0.07668586 0.08228431 0.07087706 0.07967532 0.00000000 0.02656961 0.03075144 0.03061575 0.07587373 
GCA_963564975_1 0.08191230 0.08529259 0.08589245 0.08257151 0.08602118 0.08601663 0.08180493 0.08517657 0.08236801 0.08570312 0.08554951 0.08187615 0.08544769 0.08181769 0.08562268 0.07895722 0.08252256 0.07681435 0.08653586 0.10893726 0.07803420 0.07203372 0.07405883 0.03984882 0.06629460 0.07893923 0.08302759 0.07696301 0.07740039 0.08317034 0.08050275 0.07984136 0.04127682 0.07876723 0.07974905 0.02786745 0.07104123 0.07232580 0.07944674 0.07956421 0.03869785 0.07627732 0.08336895 0.07094533 0.07973034 0.02656961 0.00000000 0.03480160 0.03458296 0.07633933 
GCA_963565015_1 0.07967110 0.08523552 0.08401918 0.08054351 0.08599153 0.08407618 0.07985218 0.08549691 0.08039930 0.08389102 0.08545248 0.07969008 0.08485150 0.07962856 0.08552970 0.07735210 0.08055493 0.07907081 0.08630170 0.11047431 0.07982950 0.06801746 0.08181244 0.00763618 0.07031900 0.07677955 0.08153089 0.07623670 0.07651901 0.08361797 0.07937900 0.07998257 0.02555982 0.07829482 0.07956731 0.03543149 0.07955358 0.07784554 0.07790453 0.07783752 0.00587778 0.07670109 0.08357719 0.07300712 0.08120496 0.03075144 0.03480160 0.00000000 0.00012106 0.07663635 
GCA_963565125_1 0.07982466 0.08499287 0.08380055 0.08073217 0.08575879 0.08386336 0.07965635 0.08492592 0.08058065 0.08368782 0.08521671 0.07982887 0.08497519 0.07977414 0.08530758 0.07741808 0.08016971 0.07875591 0.08569755 0.11008481 0.07952647 0.06785856 0.08119630 0.00763867 0.07006791 0.07703404 0.08178366 0.07604337 0.07627134 0.08331773 0.07907478 0.07998147 0.02553380 0.07817989 0.07971200 0.03541775 0.07933895 0.07765364 0.07808365 0.07771882 0.00587412 0.07720571 0.08334765 0.07311682 0.08095877 0.03061575 0.03458296 0.00012106 0.00000000 0.07685892 
GCA_963565395_1 0.07144553 0.07717715 0.07535498 0.07417440 0.07792722 0.07550893 0.07160273 0.07736400 0.07410150 0.07525593 0.07739788 0.07147984 0.07695634 0.07140866 0.07747185 0.05261934 0.07201217 0.03883811 0.07032259 0.05026809 0.05973327 0.02560090 0.07259922 0.07552406 0.06763667 0.05753300 0.07587161 0.05201983 0.05210754 0.06087072 0.07016366 0.06990179 0.07804653 0.06868286 0.06949665 0.07539379 0.06220073 0.07542522 0.06849362 0.06950556 0.07352367 0.04397318 0.06632364 0.06561032 0.05908199 0.07587373 0.07633933 0.07663635 0.07685892 0.00000000 
