50
IP-0031    0.00000000 0.07197303 0.05982508 0.07584052 0.03086691 0.07747693 0.07860625 0.07472422 0.07766702 0.07491286 0.08208852 0.07560989 0.04015366 0.08158972 0.03985289 0.06636000 0.05746035 0.07737144 0.08213761 0.05718156 0.05863915 0.01927966 0.05918899 0.11455377 0.07045413 0.07170569 0.08268713 0.05672507 0.08198348 0.07145242 0.06808623 0.02702837 0.06733727 0.08248458 0.06510280 0.02728440 0.08241996 0.08225607 0.08245879 0.08342274 0.03447375 0.06746299 0.06158091 0.05433003 0.10714316 0.06657142 0.06909283 0.05689451 0.03145829 0.08021883 
IP-0032    0.07197303 0.00000000 0.06255040 0.07387562 0.05819143 0.07574663 0.06919865 0.07267270 0.07413365 0.07341271 0.07930530 0.07703312 0.08495128 0.07509053 0.05965442 0.06653389 0.06352976 0.07363724 0.07955441 0.06913337 0.06247145 0.05993572 0.06242046 0.10167667 0.07322305 0.06012406 0.07921362 0.05980259 0.07932203 0.06028496 0.06745675 0.06094092 0.06519508 0.07950794 0.02450488 0.05833160 0.07944280 0.07900060 0.07886080 0.08034820 0.06485107 0.05053095 0.06488450 0.06630317 0.09406814 0.07297096 0.07302514 0.05972088 0.05858559 0.07577709 
IP-0033    0.05982508 0.06255040 0.00000000 0.06859428 0.05295965 0.06999967 0.06689545 0.06886899 0.06996884 0.06940500 0.07142653 0.06827941 0.06861561 0.06554250 0.05505135 0.06758246 0.05789274 0.06989062 0.07178179 0.06626445 0.06032295 0.05008034 0.00067087 0.09563135 0.06780206 0.06537806 0.07183261 0.06118500 0.07165875 0.06523094 0.01611109 0.05314579 0.06711064 0.07141404 0.05940376 0.05207209 0.07134895 0.07225121 0.07059790 0.07272823 0.05082625 0.06361407 0.05754352 0.05790866 0.08850368 0.06798033 0.06842185 0.06104475 0.05306441 0.06993117 
IP-0034    0.07584052 0.07387562 0.06859428 0.00000000 0.06451404 0.07307108 0.07361323 0.01465430 0.01148781 0.00526043 0.07411298 0.07557224 0.09036198 0.02949756 0.06598234 0.07442896 0.06706280 0.01261499 0.07475068 0.07537090 0.05805004 0.06338846 0.06855715 0.09488264 0.01806650 0.07095017 0.07460944 0.06380866 0.07388494 0.07083929 0.06591264 0.06642559 0.07545782 0.07422461 0.06985832 0.06396216 0.07419162 0.06920125 0.06748724 0.07528096 0.06626755 0.07285716 0.06555704 0.07002838 0.09170054 0.07131835 0.01309910 0.06367884 0.06380855 0.07417026 
IP-0035    0.03086691 0.05819143 0.05295965 0.06451404 0.00000000 0.06553183 0.06482776 0.06359301 0.06710740 0.06529585 0.06890372 0.06523517 0.03099036 0.06822933 0.04157521 0.05835285 0.04751267 0.06572005 0.06944093 0.05140179 0.04803245 0.01924087 0.05236231 0.09491940 0.06166639 0.05881023 0.06930525 0.04950608 0.06868912 0.05889646 0.05852521 0.01183703 0.05926516 0.06906992 0.05411588 0.00925419 0.06901404 0.06879949 0.06962203 0.07001057 0.03154080 0.05689244 0.05130511 0.04903721 0.08884328 0.05439959 0.06359580 0.04938155 0.00229481 0.06800226 
IP-0036    0.07747693 0.07574663 0.06999967 0.07307108 0.06553183 0.00000000 0.07592228 0.07272139 0.07358918 0.07335061 0.00808437 0.06876178 0.08930015 0.07505778 0.06699449 0.07872721 0.07027695 0.07371400 0.00813273 0.07626941 0.06720948 0.06554451 0.06993692 0.08755046 0.07132239 0.06681125 0.01019784 0.06533831 0.01020831 0.06706778 0.07475412 0.06618786 0.07951692 0.00807965 0.06892301 0.06516457 0.00808241 0.01238074 0.01138704 0.01059643 0.06668976 0.07382797 0.06920166 0.06951387 0.08325391 0.07040853 0.07271854 0.06521311 0.06532065 0.03114729 
IP-0037    0.07860625 0.06919865 0.06689545 0.07361323 0.06482776 0.07592228 0.00000000 0.07477472 0.07504521 0.07470923 0.07618148 0.07859847 0.09469591 0.07548454 0.06503680 0.07440733 0.06716399 0.07459854 0.07683097 0.07499919 0.06768381 0.06487946 0.06668159 0.10114330 0.07320500 0.07272534 0.07701627 0.06500534 0.07593440 0.07268030 0.07166586 0.06574967 0.07282295 0.07611514 0.06690223 0.06420764 0.07605646 0.07623150 0.07624889 0.07763136 0.06473478 0.07111116 0.06509729 0.06924199 0.09466601 0.07284829 0.07466228 0.06485669 0.06441879 0.07789487 
IP-0038    0.07472422 0.07267270 0.06886899 0.01465430 0.06359301 0.07272139 0.07477472 0.00000000 0.00631597 0.01431687 0.07347556 0.07535705 0.08766442 0.02452439 0.06529341 0.07238963 0.06795636 0.00786758 0.07419990 0.07625250 0.05792374 0.06212457 0.06874874 0.09487586 0.01278758 0.07140059 0.07370798 0.06576439 0.07321076 0.07128093 0.06407642 0.06544710 0.07271371 0.07346937 0.06937995 0.06277025 0.07339919 0.06728657 0.06573391 0.07425768 0.06489148 0.07150102 0.06593127 0.06936829 0.09183666 0.07032250 0.00906971 0.06562030 0.06284338 0.07471331 
IP-0039    0.07766702 0.07413365 0.06996884 0.01148781 0.06710740 0.07358918 0.07504521 0.00631597 0.00000000 0.01135233 0.07399536 0.07606181 0.09229567 0.02216054 0.06826977 0.07485526 0.07031932 0.00476558 0.07455509 0.07767076 0.05800188 0.06479271 0.06987528 0.09430959 0.01005883 0.07230383 0.07444540 0.06695815 0.07408584 0.07243272 0.06477671 0.06890761 0.07586144 0.07410302 0.07176415 0.06634387 0.07406712 0.06830590 0.06615064 0.07466497 0.06755733 0.07296952 0.06700048 0.07005373 0.09193901 0.07132835 0.00562425 0.06682001 0.06638240 0.07470213 
IP-0040    0.07491286 0.07341271 0.06940500 0.00526043 0.06529585 0.07335061 0.07470923 0.01431687 0.01135233 0.00000000 0.07402263 0.07518934 0.09015108 0.02981791 0.06616624 0.07460193 0.06691033 0.01225134 0.07461122 0.07560265 0.05802434 0.06377945 0.06934188 0.09512115 0.01758771 0.07059907 0.07455531 0.06316220 0.07395988 0.07041870 0.06646347 0.06666211 0.07514793 0.07414649 0.06937840 0.06446311 0.07409931 0.06846696 0.06662408 0.07546675 0.06632421 0.07216687 0.06528126 0.07017353 0.09170880 0.07090593 0.01268333 0.06301385 0.06437824 0.07437791 
IP-0041    0.08208852 0.07930530 0.07142653 0.07411298 0.06890372 0.00808437 0.07618148 0.07347556 0.07399536 0.07402263 0.00000000 0.07512278 0.09132586 0.07588507 0.07096260 0.08072792 0.07345470 0.07436300 0.00006050 0.07906063 0.06821040 0.07033830 0.07135881 0.08626107 0.07265943 0.06666099 0.00276500 0.06933420 0.00244563 0.06655091 0.07644469 0.06985612 0.08101646 0.00004763 0.07307033 0.06839087 0.00013349 0.00498979 0.00371822 0.00259557 0.07001124 0.07660200 0.07190177 0.07101622 0.08254294 0.07224244 0.07346044 0.06917931 0.06872988 0.02598817 
IP-0042    0.07560989 0.07703312 0.06827941 0.07557224 0.06523517 0.06876178 0.07859847 0.07535705 0.07606181 0.07518934 0.07512278 0.00000000 0.09358599 0.07804064 0.06637580 0.07760745 0.06799657 0.07582727 0.07569302 0.07781480 0.06973596 0.06317255 0.06856882 0.09411006 0.07407970 0.07157299 0.07547249 0.07024986 0.07436476 0.07173844 0.07368696 0.06634076 0.07862197 0.07504212 0.07065018 0.06486523 0.07503251 0.07435761 0.07513764 0.07600260 0.06220044 0.07334963 0.06880570 0.07044594 0.08896601 0.07553233 0.07458069 0.07001389 0.06527661 0.07701887 
IP-0043    0.04015366 0.08495128 0.06861561 0.09036198 0.03099036 0.08930015 0.09469591 0.08766442 0.09229567 0.09015108 0.09132586 0.09358599 0.00000000 0.09417908 0.06272603 0.08467317 0.06779840 0.09103864 0.09184660 0.06566120 0.06670199 0.03166048 0.06790516 0.13499705 0.08556573 0.08560477 0.09243417 0.07404509 0.09114585 0.08523184 0.07940900 0.02375150 0.08500698 0.09163709 0.07772338 0.02139175 0.09150815 0.09093130 0.09179348 0.09406060 0.04559028 0.08220573 0.07313143 0.07200278 0.12700489 0.08112263 0.08764677 0.07378023 0.02942552 0.09281497 
IP-0044    0.08158972 0.07509053 0.06554250 0.02949756 0.06822933 0.07505778 0.07548454 0.02452439 0.02216054 0.02981791 0.07588507 0.07804064 0.09417908 0.00000000 0.07038472 0.07531564 0.07267423 0.02375125 0.07654699 0.08103993 0.06523120 0.06780295 0.06548901 0.09784569 0.02717770 0.07407848 0.07629317 0.06921995 0.07613561 0.07427069 0.06197889 0.07129496 0.07570972 0.07600344 0.07351412 0.06839135 0.07594555 0.07228476 0.07131312 0.07681653 0.06968832 0.07478488 0.07005310 0.07439452 0.09413822 0.07448744 0.02345736 0.06906325 0.06749030 0.07564639 
IP-0045    0.03985289 0.05965442 0.05505135 0.06598234 0.04157521 0.06699449 0.06503680 0.06529341 0.06826977 0.06616624 0.07096260 0.06637580 0.06272603 0.07038472 0.00000000 0.05896511 0.05197462 0.06705493 0.07157589 0.05554958 0.05256133 0.03533221 0.05443082 0.09636628 0.06462046 0.06319817 0.07168888 0.04117406 0.07003496 0.06293492 0.06204448 0.04179817 0.06154314 0.07100295 0.05441698 0.03972421 0.07095278 0.06964478 0.07107891 0.07240273 0.04528195 0.05682893 0.04376926 0.05298063 0.08691719 0.05855014 0.06507955 0.04104700 0.04126075 0.06906324 
IP-0046    0.06636000 0.06653389 0.06758246 0.07442896 0.05835285 0.07872721 0.07440733 0.07238963 0.07485526 0.07460193 0.08072792 0.07760745 0.08467317 0.07531564 0.05896511 0.00000000 0.06202142 0.07342460 0.08147355 0.06449608 0.05979519 0.05668491 0.06754934 0.10407363 0.07249417 0.07063271 0.08118755 0.06219738 0.08063194 0.07039102 0.07165878 0.05942250 0.00672928 0.08084292 0.06660782 0.05705645 0.08070343 0.08013975 0.08095058 0.08186784 0.06386281 0.05440284 0.06722951 0.06973327 0.09712935 0.07277966 0.07309085 0.06206937 0.05719222 0.07961647 
IP-0047    0.05746035 0.06352976 0.05789274 0.06706280 0.04751267 0.07027695 0.06716399 0.06795636 0.07031932 0.06691033 0.07345470 0.06799657 0.06779840 0.07267423 0.05197462 0.06202142 0.00000000 0.06972871 0.07397123 0.04956916 0.04657138 0.04582295 0.05771764 0.09622142 0.06748170 0.05642415 0.07329833 0.05653082 0.07324824 0.05629633 0.06435794 0.04747400 0.06133377 0.07316697 0.05836892 0.04558666 0.07318518 0.07332017 0.07326803 0.07420494 0.05121050 0.05853096 0.05799608 0.05657109 0.09054702 0.06511496 0.06769383 0.05637511 0.04717648 0.07199979 
IP-0048    0.07737144 0.07363724 0.06989062 0.01261499 0.06572005 0.07371400 0.07459854 0.00786758 0.00476558 0.01225134 0.07436300 0.07582727 0.09103864 0.02375125 0.06705493 0.07342460 0.06972871 0.00000000 0.07519037 0.07670830 0.05786450 0.06413283 0.06988239 0.09479629 0.01164460 0.07234565 0.07456642 0.06373002 0.07443314 0.07227749 0.06531734 0.06798360 0.07467084 0.07443573 0.07040674 0.06522021 0.07436703 0.06823247 0.06644833 0.07523877 0.06631465 0.07139897 0.06596969 0.07070112 0.09123828 0.06987959 0.00745590 0.06359100 0.06479531 0.07449095 
IP-0049    0.08213761 0.07955441 0.07178179 0.07475068 0.06944093 0.00813273 0.07683097 0.07419990 0.07455509 0.07461122 0.00006050 0.07569302 0.09184660 0.07654699 0.07157589 0.08147355 0.07397123 0.07519037 0.00000000 0.07924129 0.06880397 0.07090731 0.07195656 0.08717574 0.07324141 0.06732177 0.00278559 0.07000129 0.00247959 0.06714233 0.07703507 0.07033306 0.08198102 0.00006046 0.07361778 0.06856347 0.00014340 0.00504608 0.00374562 0.00265252 0.07057578 0.07737535 0.07254596 0.07174677 0.08330671 0.07287207 0.07418662 0.06982404 0.06935573 0.02613940 
IP-0050    0.05718156 0.06913337 0.06626445 0.07537090 0.05140179 0.07626941 0.07499919 0.07625250 0.07767076 0.07560265 0.07906063 0.07781480 0.06566120 0.08103993 0.05554958 0.06449608 0.04956916 0.07670830 0.07924129 0.00000000 0.01897447 0.05195592 0.06578841 0.10900005 0.07435820 0.05554142 0.07985043 0.05583127 0.07864265 0.05544066 0.07428686 0.05052199 0.06857254 0.07920645 0.06218254 0.04950153 0.07914010 0.07879737 0.07943841 0.08033550 0.05803762 0.06486260 0.05957313 0.06613895 0.10067832 0.07407561 0.07516976 0.05568166 0.05192923 0.07735998 
IP-0051    0.05863915 0.06247145 0.06032295 0.05805004 0.04803245 0.06720948 0.06768381 0.05792374 0.05800188 0.05802434 0.06821040 0.06973596 0.06670199 0.06523120 0.05256133 0.05979519 0.04657138 0.05786450 0.06880397 0.01897447 0.00000000 0.04817165 0.05972270 0.09499294 0.05774589 0.04981475 0.06873383 0.05452487 0.06799184 0.04968127 0.06593236 0.04837299 0.06201365 0.06813086 0.05795890 0.04629098 0.06804252 0.06692974 0.06748080 0.06926333 0.05336441 0.05923970 0.05401836 0.05980603 0.08930422 0.06611992 0.05724953 0.05442195 0.04787466 0.06693984 
IP-0052    0.01927966 0.05993572 0.05008034 0.06338846 0.01924087 0.06554451 0.06487946 0.06212457 0.06479271 0.06377945 0.07033830 0.06317255 0.03166048 0.06780295 0.03533221 0.05668491 0.04582295 0.06413283 0.07090731 0.05195592 0.04817165 0.00000000 0.04934258 0.09488455 0.05905951 0.05999339 0.07054339 0.04767561 0.06987364 0.06004791 0.05678623 0.01719977 0.05753370 0.07038702 0.05380770 0.01504780 0.07033863 0.07003694 0.07009701 0.07130950 0.02269439 0.05575054 0.04955295 0.04424366 0.08903723 0.05297468 0.06100019 0.04756034 0.01937010 0.06797610 
IP-0053    0.05918899 0.06242046 0.00067087 0.06855715 0.05236231 0.06993692 0.06668159 0.06874874 0.06987528 0.06934188 0.07135881 0.06856882 0.06790516 0.06548901 0.05443082 0.06754934 0.05771764 0.06988239 0.07195656 0.06578841 0.05972270 0.04934258 0.00000000 0.09569374 0.06772149 0.06498752 0.07176244 0.06114407 0.07148330 0.06484925 0.01623471 0.05248196 0.06703498 0.07131989 0.05901995 0.05134255 0.07124760 0.07214595 0.07053541 0.07261755 0.05008793 0.06353071 0.05729456 0.05800869 0.08846892 0.06736873 0.06812726 0.06101134 0.05229022 0.06981225 
IP-0054    0.11455377 0.10167667 0.09563135 0.09488264 0.09491940 0.08755046 0.10114330 0.09487586 0.09430959 0.09512115 0.08626107 0.09411006 0.13499705 0.09784569 0.09636628 0.10407363 0.09622142 0.09479629 0.08717574 0.10900005 0.09499294 0.09488455 0.09569374 0.00000000 0.09189391 0.09783699 0.08615177 0.09848790 0.08668157 0.09822183 0.09963848 0.09729972 0.10511779 0.08627033 0.09829923 0.09531170 0.08623234 0.08636962 0.08697225 0.08479424 0.09451740 0.10405346 0.09832886 0.09505973 0.06871207 0.09629339 0.09355342 0.09819532 0.09481896 0.08719239 
IP-0055    0.07045413 0.07322305 0.06780206 0.01806650 0.06166639 0.07132239 0.07320500 0.01278758 0.01005883 0.01758771 0.07265943 0.07407970 0.08556573 0.02717770 0.06462046 0.07249417 0.06748170 0.01164460 0.07324141 0.07435820 0.05774589 0.05905951 0.06772149 0.09189391 0.00000000 0.06957469 0.07288208 0.06388100 0.07304209 0.06972657 0.06350622 0.06300149 0.07394359 0.07274370 0.06905278 0.06093204 0.07270746 0.06886633 0.06574586 0.07288170 0.06212562 0.07155957 0.06425693 0.06739198 0.09074853 0.06963164 0.01173532 0.06375749 0.06135085 0.07272106 
IP-0056    0.07170569 0.06012406 0.06537806 0.07095017 0.05881023 0.06681125 0.07272534 0.07140059 0.07230383 0.07059907 0.06666099 0.07157299 0.08560477 0.07407848 0.06319817 0.07063271 0.05642415 0.07234565 0.06732177 0.05554142 0.04981475 0.05999339 0.06498752 0.09783699 0.06957469 0.00000000 0.06662230 0.06334134 0.06585761 0.00005647 0.07065434 0.05736894 0.07043338 0.06666613 0.05479798 0.05715761 0.06656238 0.06700889 0.06726414 0.06729424 0.06030332 0.06704664 0.06448814 0.06365294 0.09277700 0.07242845 0.07197181 0.06326743 0.05834308 0.06809652 
IP-0057    0.08268713 0.07921362 0.07183261 0.07460944 0.06930525 0.01019784 0.07701627 0.07370798 0.07444540 0.07455531 0.00276500 0.07547249 0.09243417 0.07629317 0.07168888 0.08118755 0.07329833 0.07456642 0.00278559 0.07985043 0.06873383 0.07054339 0.07176244 0.08615177 0.07288208 0.06662230 0.00000000 0.07015705 0.00512561 0.06682280 0.07649729 0.07039816 0.08129603 0.00275404 0.07289505 0.06900141 0.00278047 0.00760600 0.00639642 0.00528661 0.07020625 0.07648996 0.07162052 0.07138031 0.08169753 0.07299201 0.07390209 0.07000291 0.06912115 0.02740220 
IP-0058    0.05672507 0.05980259 0.06118500 0.06380866 0.04950608 0.06533831 0.06500534 0.06576439 0.06695815 0.06316220 0.06933420 0.07024986 0.07404509 0.06921995 0.04117406 0.06219738 0.05653082 0.06373002 0.07000129 0.05583127 0.05452487 0.04767561 0.06114407 0.09848790 0.06388100 0.06334134 0.07015705 0.00000000 0.06793589 0.06309943 0.06563303 0.05124290 0.06482737 0.06930985 0.05815537 0.04937545 0.06919943 0.06808136 0.06880962 0.07058368 0.05347366 0.05821483 0.04668495 0.05375815 0.08682443 0.05915644 0.06518765 0.00008833 0.04907201 0.06756133 
IP-0059    0.08198348 0.07932203 0.07165875 0.07388494 0.06868912 0.01020831 0.07593440 0.07321076 0.07408584 0.07395988 0.00244563 0.07436476 0.09114585 0.07613561 0.07003496 0.08063194 0.07324824 0.07443314 0.00247959 0.07864265 0.06799184 0.06987364 0.07148330 0.08668157 0.07304209 0.06585761 0.00512561 0.06793589 0.00000000 0.06598328 0.07598572 0.06923810 0.08100181 0.00244957 0.07225909 0.06809541 0.00247237 0.00256005 0.00608624 0.00493427 0.06910562 0.07649932 0.07119177 0.07049620 0.08278264 0.07267212 0.07361542 0.06777944 0.06848465 0.02778760 
IP-0060    0.07145242 0.06028496 0.06523094 0.07083929 0.05889646 0.06706778 0.07268030 0.07128093 0.07243272 0.07041870 0.06655091 0.07173844 0.08523184 0.07427069 0.06293492 0.07039102 0.05629633 0.07227749 0.06714233 0.05544066 0.04968127 0.06004791 0.06484925 0.09822183 0.06972657 0.00005647 0.06682280 0.06309943 0.06598328 0.00000000 0.07086180 0.05749114 0.07025093 0.06660560 0.05489779 0.05698438 0.06647889 0.06720030 0.06716560 0.06750643 0.06010693 0.06696655 0.06477097 0.06390496 0.09286155 0.07218880 0.07214904 0.06316326 0.05825117 0.06832983 
IP-0061    0.06808623 0.06745675 0.01611109 0.06591264 0.05852521 0.07475412 0.07166586 0.06407642 0.06477671 0.06646347 0.07644469 0.07368696 0.07940900 0.06197889 0.06204448 0.07165878 0.06435794 0.06531734 0.07703507 0.07428686 0.06593236 0.05678623 0.01623471 0.09963848 0.06350622 0.07065434 0.07649729 0.06563303 0.07598572 0.07086180 0.00000000 0.05932096 0.07085941 0.07636546 0.06441230 0.05857216 0.07635917 0.07590237 0.07512086 0.07742352 0.05685308 0.06844398 0.06231873 0.06314850 0.09285006 0.07162369 0.06486085 0.06545189 0.05859586 0.07449632 
IP-0062    0.02702837 0.06094092 0.05314579 0.06642559 0.01183703 0.06618786 0.06574967 0.06544710 0.06890761 0.06666211 0.06985612 0.06634076 0.02375150 0.07129496 0.04179817 0.05942250 0.04747400 0.06798360 0.07033306 0.05052199 0.04837299 0.01719977 0.05248196 0.09729972 0.06300149 0.05736894 0.07039816 0.05124290 0.06923810 0.05749114 0.05932096 0.00000000 0.06019329 0.06980752 0.05329852 0.00290673 0.06981082 0.06962426 0.06996760 0.07059369 0.02935716 0.05713850 0.05191557 0.04942284 0.09134218 0.05548729 0.06530122 0.05110660 0.01059473 0.06932093 
IP-0063    0.06733727 0.06519508 0.06711064 0.07545782 0.05926516 0.07951692 0.07282295 0.07271371 0.07586144 0.07514793 0.08101646 0.07862197 0.08500698 0.07570972 0.06154314 0.00672928 0.06133377 0.07467084 0.08198102 0.06857254 0.06201365 0.05753370 0.06703498 0.10511779 0.07394359 0.07043338 0.08129603 0.06482737 0.08100181 0.07025093 0.07085941 0.06019329 0.00000000 0.08107642 0.06610811 0.05772503 0.08095633 0.08074155 0.08092983 0.08225266 0.06402051 0.05493600 0.06795724 0.07011350 0.09729440 0.07307847 0.07444888 0.06466269 0.05792927 0.08017006 
IP-0064    0.08248458 0.07950794 0.07141404 0.07422461 0.06906992 0.00807965 0.07611514 0.07346937 0.07410302 0.07414649 0.00004763 0.07504212 0.09163709 0.07600344 0.07100295 0.08084292 0.07316697 0.07443573 0.00006046 0.07920645 0.06813086 0.07038702 0.07131989 0.08627033 0.07274370 0.06666613 0.00275404 0.06930985 0.00244957 0.06660560 0.07636546 0.06980752 0.08107642 0.00000000 0.07301563 0.06841357 0.00013965 0.00499582 0.00369248 0.00261776 0.06989825 0.07653267 0.07169448 0.07093618 0.08225490 0.07216417 0.07346837 0.06914245 0.06879834 0.02596437 
IP-0065    0.06510280 0.02450488 0.05940376 0.06985832 0.05411588 0.06892301 0.06690223 0.06937995 0.07176415 0.06937840 0.07307033 0.07065018 0.07772338 0.07351412 0.05441698 0.06660782 0.05836892 0.07040674 0.07361778 0.06218254 0.05795890 0.05380770 0.05901995 0.09829923 0.06905278 0.05479798 0.07289505 0.05815537 0.07225909 0.05489779 0.06441230 0.05329852 0.06610811 0.07301563 0.00000000 0.05227157 0.07308399 0.07165979 0.07276336 0.07417214 0.05697481 0.04912459 0.05958920 0.06127345 0.09173055 0.06888522 0.07109557 0.05803004 0.05373176 0.07173317 
IP-0066    0.02728440 0.05833160 0.05207209 0.06396216 0.00925419 0.06516457 0.06420764 0.06277025 0.06634387 0.06446311 0.06839087 0.06486523 0.02139175 0.06839135 0.03972421 0.05705645 0.04558666 0.06522021 0.06856347 0.04950153 0.04629098 0.01504780 0.05134255 0.09531170 0.06093204 0.05715761 0.06900141 0.04937545 0.06809541 0.05698438 0.05857216 0.00290673 0.05772503 0.06841357 0.05227157 0.00000000 0.06835625 0.06850555 0.06843298 0.06935461 0.02765139 0.05571009 0.05030094 0.04773901 0.08896064 0.05279712 0.06282835 0.04929683 0.00780665 0.06740437 
IP-0067    0.08241996 0.07944280 0.07134895 0.07419162 0.06901404 0.00808241 0.07605646 0.07339919 0.07406712 0.07409931 0.00013349 0.07503251 0.09150815 0.07594555 0.07095278 0.08070343 0.07318518 0.07436703 0.00014340 0.07914010 0.06804252 0.07033863 0.07124760 0.08623234 0.07270746 0.06656238 0.00278047 0.06919943 0.00247237 0.06647889 0.07635917 0.06981082 0.08095633 0.00013965 0.07308399 0.06835625 0.00000000 0.00501640 0.00381683 0.00269923 0.06984322 0.07641266 0.07162764 0.07077697 0.08224811 0.07201718 0.07341800 0.06904389 0.06873905 0.02598794 
IP-0068    0.08225607 0.07900060 0.07225121 0.06920125 0.06879949 0.01238074 0.07623150 0.06728657 0.06830590 0.06846696 0.00498979 0.07435761 0.09093130 0.07228476 0.06964478 0.08013975 0.07332017 0.06823247 0.00504608 0.07879737 0.06692974 0.07003694 0.07214595 0.08636962 0.06886633 0.06700889 0.00760600 0.06808136 0.00256005 0.06720030 0.07590237 0.06962426 0.08074155 0.00499582 0.07165979 0.06850555 0.00501640 0.00000000 0.00858935 0.00754365 0.06938002 0.07605798 0.07089469 0.07091546 0.08273367 0.07251125 0.06809153 0.06790324 0.06865042 0.02995663 
IP-0069    0.08245879 0.07886080 0.07059790 0.06748724 0.06962203 0.01138704 0.07624889 0.06573391 0.06615064 0.06662408 0.00371822 0.07513764 0.09179348 0.07131312 0.07107891 0.08095058 0.07326803 0.06644833 0.00374562 0.07943841 0.06748080 0.07009701 0.07053541 0.08697225 0.06574586 0.06726414 0.00639642 0.06880962 0.00608624 0.06716560 0.07512086 0.06996760 0.08092983 0.00369248 0.07276336 0.06843298 0.00381683 0.00858935 0.00000000 0.00634462 0.07001321 0.07634168 0.07209064 0.07108218 0.08310255 0.07211907 0.06530031 0.06863798 0.06905295 0.02835448 
IP-0070    0.08342274 0.08034820 0.07272823 0.07528096 0.07001057 0.01059643 0.07763136 0.07425768 0.07466497 0.07546675 0.00259557 0.07600260 0.09406060 0.07681653 0.07240273 0.08186784 0.07420494 0.07523877 0.00265252 0.08033550 0.06926333 0.07130950 0.07261755 0.08479424 0.07288170 0.06729424 0.00528661 0.07058368 0.00493427 0.06750643 0.07742352 0.07059369 0.08225266 0.00261776 0.07417214 0.06935461 0.00269923 0.00754365 0.00634462 0.00000000 0.07058608 0.07713856 0.07277182 0.07137924 0.07552952 0.07326518 0.07396107 0.07041544 0.06980285 0.02824713 
IP-0071    0.03447375 0.06485107 0.05082625 0.06626755 0.03154080 0.06668976 0.06473478 0.06489148 0.06755733 0.06632421 0.07001124 0.06220044 0.04559028 0.06968832 0.04528195 0.06386281 0.05121050 0.06631465 0.07057578 0.05803762 0.05336441 0.02269439 0.05008793 0.09451740 0.06212562 0.06030332 0.07020625 0.05347366 0.06910562 0.06010693 0.05685308 0.02935716 0.06402051 0.06989825 0.05697481 0.02765139 0.06984322 0.06938002 0.07001321 0.07058608 0.00000000 0.05989026 0.05447645 0.05156809 0.08912192 0.05825877 0.06429800 0.05333275 0.03124809 0.06898375 
IP-0072    0.06746299 0.05053095 0.06361407 0.07285716 0.05689244 0.07382797 0.07111116 0.07150102 0.07296952 0.07216687 0.07660200 0.07334963 0.08220573 0.07478488 0.05682893 0.05440284 0.05853096 0.07139897 0.07737535 0.06486260 0.05923970 0.05575054 0.06353071 0.10405346 0.07155957 0.06704664 0.07648996 0.05821483 0.07649932 0.06696655 0.06844398 0.05713850 0.05493600 0.07653267 0.04912459 0.05571009 0.07641266 0.07605798 0.07634168 0.07713856 0.05989026 0.00000000 0.06175754 0.06306009 0.09395536 0.07025341 0.07118111 0.05810839 0.05681863 0.07559726 
IP-0073    0.06158091 0.06488450 0.05754352 0.06555704 0.05130511 0.06920166 0.06509729 0.06593127 0.06700048 0.06528126 0.07190177 0.06880570 0.07313143 0.07005310 0.04376926 0.06722951 0.05799608 0.06596969 0.07254596 0.05957313 0.05401836 0.04955295 0.05729456 0.09832886 0.06425693 0.06448814 0.07162052 0.04668495 0.07119177 0.06477097 0.06231873 0.05191557 0.06795724 0.07169448 0.05958920 0.05030094 0.07162764 0.07089469 0.07209064 0.07277182 0.05447645 0.06175754 0.00000000 0.06031939 0.08932761 0.06457064 0.06588954 0.04662420 0.05109513 0.07073125 
IP-0074    0.05433003 0.06630317 0.05790866 0.07002838 0.04903721 0.06951387 0.06924199 0.06936829 0.07005373 0.07017353 0.07101622 0.07044594 0.07200278 0.07439452 0.05298063 0.06973327 0.05657109 0.07070112 0.07174677 0.06613895 0.05980603 0.04424366 0.05800869 0.09505973 0.06739198 0.06365294 0.07138031 0.05375815 0.07049620 0.06390496 0.06314850 0.04942284 0.07011350 0.07093618 0.06127345 0.04773901 0.07077697 0.07091546 0.07108218 0.07137924 0.05156809 0.06306009 0.06031939 0.00000000 0.09108099 0.06491001 0.06860118 0.05365689 0.04951857 0.07098344 
IP-0075    0.10714316 0.09406814 0.08850368 0.09170054 0.08884328 0.08325391 0.09466601 0.09183666 0.09193901 0.09170880 0.08254294 0.08896601 0.12700489 0.09413822 0.08691719 0.09712935 0.09054702 0.09123828 0.08330671 0.10067832 0.08930422 0.08903723 0.08846892 0.06871207 0.09074853 0.09277700 0.08169753 0.08682443 0.08278264 0.09286155 0.09285006 0.09134218 0.09729440 0.08225490 0.09173055 0.08896064 0.08224811 0.08273367 0.08310255 0.07552952 0.08912192 0.09395536 0.08932761 0.09108099 0.00000000 0.09247150 0.09100727 0.08691906 0.08771687 0.08412626 
IP-0076    0.06657142 0.07297096 0.06798033 0.07131835 0.05439959 0.07040853 0.07284829 0.07032250 0.07132835 0.07090593 0.07224244 0.07553233 0.08112263 0.07448744 0.05855014 0.07277966 0.06511496 0.06987959 0.07287207 0.07407561 0.06611992 0.05297468 0.06736873 0.09629339 0.06963164 0.07242845 0.07299201 0.05915644 0.07267212 0.07218880 0.07162369 0.05548729 0.07307847 0.07216417 0.06888522 0.05279712 0.07201718 0.07251125 0.07211907 0.07326518 0.05825877 0.07025341 0.06457064 0.06491001 0.09247150 0.00000000 0.06914601 0.05902710 0.05395261 0.07096916 
IP-0077    0.06909283 0.07302514 0.06842185 0.01309910 0.06359580 0.07271854 0.07466228 0.00906971 0.00562425 0.01268333 0.07346044 0.07458069 0.08764677 0.02345736 0.06507955 0.07309085 0.06769383 0.00745590 0.07418662 0.07516976 0.05724953 0.06100019 0.06812726 0.09355342 0.01173532 0.07197181 0.07390209 0.06518765 0.07361542 0.07214904 0.06486085 0.06530122 0.07444888 0.07346837 0.07109557 0.06282835 0.07341800 0.06809153 0.06530031 0.07396107 0.06429800 0.07118111 0.06588954 0.06860118 0.09100727 0.06914601 0.00000000 0.06503181 0.06305515 0.07304750 
IP-0078    0.05689451 0.05972088 0.06104475 0.06367884 0.04938155 0.06521311 0.06485669 0.06562030 0.06682001 0.06301385 0.06917931 0.07001389 0.07378023 0.06906325 0.04104700 0.06206937 0.05637511 0.06359100 0.06982404 0.05568166 0.05442195 0.04756034 0.06101134 0.09819532 0.06375749 0.06326743 0.07000291 0.00008833 0.06777944 0.06316326 0.06545189 0.05110660 0.06466269 0.06914245 0.05803004 0.04929683 0.06904389 0.06790324 0.06863798 0.07041544 0.05333275 0.05810839 0.04662420 0.05365689 0.08691906 0.05902710 0.06503181 0.00000000 0.04895519 0.06741267 
IP-0079    0.03145829 0.05858559 0.05306441 0.06380855 0.00229481 0.06532065 0.06441879 0.06284338 0.06638240 0.06437824 0.06872988 0.06527661 0.02942552 0.06749030 0.04126075 0.05719222 0.04717648 0.06479531 0.06935573 0.05192923 0.04787466 0.01937010 0.05229022 0.09481896 0.06135085 0.05834308 0.06912115 0.04907201 0.06848465 0.05825117 0.05859586 0.01059473 0.05792927 0.06879834 0.05373176 0.00780665 0.06873905 0.06865042 0.06905295 0.06980285 0.03124809 0.05681863 0.05109513 0.04951857 0.08771687 0.05395261 0.06305515 0.04895519 0.00000000 0.06751094 
IP-0080    0.08021883 0.07577709 0.06993117 0.07417026 0.06800226 0.03114729 0.07789487 0.07471331 0.07470213 0.07437791 0.02598817 0.07701887 0.09281497 0.07564639 0.06906324 0.07961647 0.07199979 0.07449095 0.02613940 0.07735998 0.06693984 0.06797610 0.06981225 0.08719239 0.07272106 0.06809652 0.02740220 0.06756133 0.02778760 0.06832983 0.07449632 0.06932093 0.08017006 0.02596437 0.07173317 0.06740437 0.02598794 0.02995663 0.02835448 0.02824713 0.06898375 0.07559726 0.07073125 0.07098344 0.08412626 0.07096916 0.07304750 0.06741267 0.06751094 0.00000000 
