50
GCA_963565485_1                           0.00000000 0.05248210 0.05157642 0.05405378 0.00621705 0.04975599 0.05284501 0.05246678 0.04997809 0.05194167 0.06394742 0.01172943 0.04962732 0.04646968 0.04627158 0.05381217 0.04693337 0.05414319 0.00629146 0.04846396 0.05112184 0.05029781 0.00526646 0.04836422 0.05115349 0.05330788 0.00542712 0.05252408 0.00792973 0.04633270 0.05121146 0.05368105 0.09717245 0.10157474 0.01304704 0.07410687 0.07333757 0.07359729 0.04509512 0.04502738 0.04545694 0.04996771 0.04904587 0.04900802 0.04714610 0.04720320 0.06319879 0.06052375 0.05048892 0.03743786 
GCA_963565565_1                           0.05248210 0.00000000 0.05230832 0.01667352 0.05024398 0.05050911 0.02191123 0.00005751 0.02313252 0.05373380 0.05771712 0.05176076 0.05117436 0.04935020 0.04975579 0.01543175 0.05000726 0.02470403 0.05119461 0.04939917 0.05133441 0.05102484 0.05249057 0.04899000 0.02339785 0.01930565 0.05227126 0.02588651 0.05195274 0.04978099 0.04746316 0.05200270 0.09844547 0.10101490 0.05453262 0.07416402 0.07314282 0.07311082 0.05070393 0.05063392 0.05114559 0.05043411 0.05077189 0.05078981 0.05038654 0.05046582 0.05908685 0.05922747 0.05525773 0.05848697 
GCA_963566085_1                           0.05157642 0.05230832 0.00000000 0.05340615 0.05145050 0.04336713 0.05076252 0.05219202 0.05110082 0.04807155 0.06312490 0.05086899 0.04919177 0.04403324 0.04384198 0.05322291 0.04413500 0.05109934 0.05146689 0.04575717 0.01053201 0.04368864 0.05044620 0.04613299 0.04866341 0.05181941 0.05156774 0.04951334 0.05195201 0.04388612 0.04944688 0.05419884 0.10061060 0.10227392 0.05425626 0.07378027 0.07349638 0.07349760 0.04511283 0.04508101 0.04552087 0.04619006 0.04816172 0.04818993 0.04433914 0.04439270 0.06299245 0.06031137 0.04773392 0.05708378 
GCA_963566175_1                           0.05405378 0.01667352 0.05340615 0.00000000 0.04988877 0.05211678 0.02754501 0.01661662 0.02811004 0.05372196 0.05872005 0.05269977 0.05234002 0.05080245 0.04994161 0.00123549 0.05123097 0.02789490 0.05307191 0.05057067 0.05292213 0.05247135 0.05453964 0.05082048 0.02890392 0.02501751 0.05379947 0.03073645 0.05348249 0.04998228 0.04694451 0.04861440 0.09874954 0.10124199 0.05603902 0.07435005 0.07264309 0.07296785 0.05031152 0.05026243 0.05076109 0.05246014 0.05150883 0.05153182 0.05058318 0.05063416 0.05882967 0.05954700 0.05500675 0.06097188 
GCA_963566475_1                           0.00621705 0.05024398 0.05145050 0.04988877 0.00000000 0.05031491 0.05147278 0.05025369 0.04868026 0.05215781 0.06305345 0.01275106 0.04970686 0.04710664 0.04765470 0.04976578 0.04766942 0.05235144 0.00768488 0.04854718 0.05115176 0.05065165 0.00683555 0.04872714 0.05024161 0.05158829 0.00726094 0.05126867 0.00959868 0.04771397 0.05062539 0.05355941 0.09681523 0.10106521 0.01421243 0.07370997 0.07237048 0.07291047 0.04653657 0.04647587 0.04691009 0.04983244 0.04868391 0.04865475 0.04767020 0.04773335 0.06256924 0.06101286 0.05093442 0.03568839 
GCA_963566495_1                           0.04975599 0.05050911 0.04336713 0.05211678 0.05031491 0.00000000 0.05014263 0.05028910 0.05046767 0.04395489 0.06324019 0.04768761 0.04324605 0.03846206 0.04123775 0.05185398 0.03810572 0.04978868 0.04898299 0.03646229 0.04234069 0.00006870 0.04995418 0.04128335 0.04757524 0.05161090 0.04972900 0.04873199 0.04927913 0.04127910 0.04591406 0.05245032 0.09956822 0.10164615 0.05046849 0.07205423 0.07197338 0.07176126 0.04236378 0.04232860 0.04275758 0.04151426 0.04502268 0.04501150 0.03658342 0.03662615 0.06220859 0.05944186 0.04738535 0.05586216 
GCA_963566625_1                           0.05284501 0.02191123 0.05076252 0.02754501 0.05147278 0.05014263 0.00000000 0.02184902 0.01954856 0.05323578 0.05891780 0.05264704 0.05074856 0.04993138 0.04792256 0.02618536 0.04999137 0.02161648 0.05176357 0.04830204 0.05008010 0.05072759 0.05297382 0.04882680 0.01057498 0.00422025 0.05267816 0.02192020 0.05290152 0.04799216 0.04554364 0.04849193 0.09965737 0.10133059 0.05396729 0.07430857 0.07403107 0.07345620 0.04925167 0.04917549 0.04966798 0.05010959 0.04992538 0.04995009 0.04810440 0.04814605 0.05945223 0.06051295 0.05467399 0.06035559 
GCA_963566635_1                           0.05246678 0.00005751 0.05219202 0.01661662 0.05025369 0.05028910 0.02184902 0.00000000 0.02306588 0.05385113 0.05779811 0.05156567 0.05105844 0.04920327 0.04967087 0.01538306 0.04987000 0.02468506 0.05122028 0.04929023 0.05140538 0.05089675 0.05249635 0.04904140 0.02333168 0.01933688 0.05228518 0.02580642 0.05196392 0.04970414 0.04749076 0.05187014 0.09844580 0.10032313 0.05435813 0.07421173 0.07316864 0.07316072 0.05060224 0.05053757 0.05105795 0.05025605 0.05082323 0.05084225 0.05045725 0.05052936 0.05913936 0.05916343 0.05506109 0.05828128 
GCA_963566695_1                           0.04997809 0.02313252 0.05110082 0.02811004 0.04868026 0.05046767 0.01954856 0.02306588 0.00000000 0.05307331 0.05824795 0.05031167 0.05184013 0.04897674 0.04951633 0.02736355 0.04949719 0.01982676 0.04930688 0.04734545 0.05050815 0.05078401 0.05003182 0.04971857 0.02136213 0.01655626 0.04961758 0.01394031 0.05024412 0.04953589 0.04642044 0.05366366 0.09805606 0.10022617 0.05187401 0.07377623 0.07330102 0.07367002 0.05029140 0.05019156 0.05071771 0.05123356 0.05087322 0.05088160 0.04812683 0.04816530 0.05793839 0.05927096 0.05470464 0.05924321 
GCA_963566765_1                           0.05194167 0.05373380 0.04807155 0.05372196 0.05215781 0.04395489 0.05323578 0.05385113 0.05307331 0.00000000 0.06635549 0.05088541 0.04151968 0.04224766 0.03881409 0.05345414 0.04279523 0.05119324 0.05080161 0.03962342 0.04481378 0.04426651 0.05277967 0.04253994 0.05052825 0.05449861 0.05193721 0.05058824 0.05221271 0.03884737 0.04260632 0.05015420 0.10216319 0.10494289 0.05376047 0.07731702 0.07609037 0.07683495 0.04078588 0.04076062 0.04118761 0.04315928 0.04428697 0.04429527 0.03929086 0.03935123 0.06660353 0.06348070 0.04401737 0.05871160 
GCA_963566855_1                           0.06394742 0.05771712 0.06312490 0.05872005 0.06305345 0.06324019 0.05891780 0.05779811 0.05824795 0.06635549 0.00000000 0.06408132 0.06580523 0.06295431 0.06466622 0.05927504 0.06353166 0.05930458 0.06345833 0.06564494 0.06327228 0.06393218 0.06416259 0.06437927 0.05935235 0.05833528 0.06353710 0.05811360 0.06370865 0.06470392 0.06542516 0.06378272 0.10604244 0.10701060 0.06585457 0.07785200 0.07794328 0.07756512 0.06501664 0.06495458 0.06559961 0.06578451 0.06393367 0.06394982 0.06425266 0.06430156 0.04234454 0.05889202 0.06747508 0.07201926 
GCA_963567325_1                           0.01172943 0.05176076 0.05086899 0.05269977 0.01275106 0.04768761 0.05264704 0.05156567 0.05031167 0.05088541 0.06408132 0.00000000 0.04844776 0.04512623 0.04582723 0.05247735 0.04511729 0.05303838 0.01253755 0.04598744 0.05083274 0.04820606 0.01257522 0.04781640 0.05135091 0.05344378 0.01229810 0.05283042 0.01465505 0.04587278 0.04947321 0.05282905 0.09895584 0.10232588 0.01966166 0.07409139 0.07314239 0.07306123 0.04514298 0.04506677 0.04549503 0.04915224 0.04889766 0.04886576 0.04653960 0.04660273 0.06306090 0.06043874 0.05020938 0.04096770 
GCA_963567935_1                           0.04962732 0.05117436 0.04919177 0.05234002 0.04970686 0.04324605 0.05074856 0.05105844 0.05184013 0.04151968 0.06580523 0.04844776 0.00000000 0.04097558 0.03670815 0.05200736 0.04166463 0.05012188 0.04827594 0.03907983 0.04748667 0.04355434 0.05065258 0.03505773 0.04888294 0.05231638 0.04935156 0.04987146 0.04936852 0.03674275 0.04632327 0.05120838 0.10279522 0.10363834 0.05215285 0.07605128 0.07616235 0.07534855 0.04123355 0.04119846 0.04160470 0.03297112 0.04478494 0.04478763 0.03814251 0.03818559 0.06592156 0.06346352 0.03983374 0.05516575 
GCA_963568055_1                           0.04646968 0.04935020 0.04403324 0.05080245 0.04710664 0.03846206 0.04993138 0.04920327 0.04897674 0.04224766 0.06295431 0.04512623 0.04097558 0.00000000 0.03505716 0.05067732 0.00307266 0.04932638 0.04605919 0.03545220 0.04362844 0.03887945 0.04754158 0.03641970 0.04578569 0.05081232 0.04659827 0.04823663 0.04666201 0.03508987 0.04372175 0.04893423 0.09975015 0.10152820 0.04898526 0.07252035 0.07172428 0.07247973 0.03691786 0.03687689 0.03726990 0.03978930 0.04042360 0.04042633 0.03393725 0.03399444 0.06300424 0.06038174 0.04424586 0.05472700 
GCA_963568705_1                           0.04627158 0.04975579 0.04384198 0.04994161 0.04765470 0.04123775 0.04792256 0.04967087 0.04951633 0.03881409 0.06466622 0.04582723 0.03670815 0.03505716 0.00000000 0.04973010 0.03646092 0.04735559 0.04636054 0.03722743 0.03779872 0.04166417 0.04823978 0.03722909 0.04623386 0.05017790 0.04719814 0.04820928 0.04743002 0.00008026 0.04260051 0.04738600 0.09910915 0.10069061 0.04950268 0.07272434 0.07301484 0.07312475 0.02754886 0.02749512 0.02778709 0.03891519 0.03832593 0.03834075 0.03300063 0.03302396 0.06341950 0.06000322 0.04170891 0.05408401 
GCA_963568785_1                           0.05381217 0.01543175 0.05322291 0.00123549 0.04976578 0.05185398 0.02618536 0.01538306 0.02736355 0.05345414 0.05927504 0.05247735 0.05200736 0.05067732 0.04973010 0.00000000 0.05112675 0.02702917 0.05281534 0.05040087 0.05273635 0.05220607 0.05422928 0.05047071 0.02773078 0.02370972 0.05354071 0.02984837 0.05321315 0.04976914 0.04646522 0.04834549 0.09847589 0.10142127 0.05594746 0.07453303 0.07271475 0.07308368 0.05009042 0.05003655 0.05054628 0.05232192 0.05142488 0.05144780 0.05025614 0.05031410 0.05951600 0.05961698 0.05487601 0.06067828 
GCA_963568885_1                           0.04693337 0.05000726 0.04413500 0.05123097 0.04766942 0.03810572 0.04999137 0.04987000 0.04949719 0.04279523 0.06353166 0.04511729 0.04166463 0.00307266 0.03646092 0.05112675 0.00000000 0.04928175 0.04665031 0.03534161 0.04405657 0.03841457 0.04788010 0.03711569 0.04610847 0.05076794 0.04695339 0.04893770 0.04668255 0.03649646 0.04351363 0.04906025 0.10023297 0.10191837 0.04965303 0.07327126 0.07212663 0.07274964 0.03722424 0.03716942 0.03755076 0.04056506 0.04012749 0.04012602 0.03333995 0.03339471 0.06374210 0.06042273 0.04477424 0.05523258 
GCA_963569325_1                           0.05414319 0.02470403 0.05109934 0.02789490 0.05235144 0.04978868 0.02161648 0.02468506 0.01982676 0.05119324 0.05930458 0.05303838 0.05012188 0.04932638 0.04735559 0.02702917 0.04928175 0.00000000 0.05283670 0.04689615 0.04949221 0.04997508 0.05400624 0.04689094 0.02402723 0.01904981 0.05315661 0.02199976 0.05346944 0.04738903 0.04535435 0.05198706 0.09705577 0.10121327 0.05543904 0.07244514 0.07195175 0.07286740 0.05026733 0.05020198 0.05068069 0.04862432 0.04987328 0.04987350 0.04643146 0.04645505 0.05928184 0.05973218 0.05236428 0.06061368 
GCA_963569365_1                           0.00629146 0.05119461 0.05146689 0.05307191 0.00768488 0.04898299 0.05176357 0.05122028 0.04930688 0.05080161 0.06345833 0.01253755 0.04827594 0.04605919 0.04636054 0.05281534 0.04665031 0.05283670 0.00000000 0.04774885 0.05048916 0.04930704 0.00678572 0.04714468 0.05028265 0.05243119 0.00684485 0.05206071 0.00906029 0.04641134 0.05029267 0.05308942 0.09722269 0.10095266 0.01435581 0.07366502 0.07246120 0.07273308 0.04593978 0.04587592 0.04635109 0.04681108 0.04817318 0.04813767 0.04707623 0.04712538 0.06304445 0.06058409 0.05033298 0.03743244 
GCA_963569645_1                           0.04846396 0.04939917 0.04575717 0.05057067 0.04854718 0.03646229 0.04830204 0.04929023 0.04734545 0.03962342 0.06564494 0.04598744 0.03907983 0.03545220 0.03722743 0.05040087 0.03534161 0.04689615 0.04774885 0.00000000 0.04281142 0.03663109 0.04895845 0.03935016 0.04319992 0.04976308 0.04564529 0.04714308 0.04818500 0.03727959 0.03941957 0.05183396 0.10163783 0.10376529 0.05053249 0.07450560 0.07388965 0.07267686 0.03930759 0.03927092 0.03967018 0.03972304 0.04183216 0.04184195 0.02877495 0.02883170 0.06421018 0.06170268 0.04251111 0.05791749 
GCA_963569685_1                           0.05112184 0.05133441 0.01053201 0.05292213 0.05115176 0.04234069 0.05008010 0.05140538 0.05050815 0.04481378 0.06327228 0.05083274 0.04748667 0.04362844 0.03779872 0.05273635 0.04405657 0.04949221 0.05048916 0.04281142 0.00000000 0.04279923 0.05031729 0.04465225 0.04840357 0.05090189 0.05079997 0.04867058 0.05179948 0.03787013 0.04816102 0.05353682 0.10052571 0.10245815 0.05363960 0.07346551 0.07323230 0.07364793 0.04179300 0.04177255 0.04215287 0.04407579 0.04581799 0.04584150 0.04166086 0.04170375 0.06189243 0.06005124 0.04696762 0.05722573 
GCA_963569795_1                           0.05029781 0.05102484 0.04368864 0.05247135 0.05065165 0.00006870 0.05072759 0.05089675 0.05078401 0.04426651 0.06393218 0.04820606 0.04355434 0.03887945 0.04166417 0.05220607 0.03841457 0.04997508 0.04930704 0.03663109 0.04279923 0.00000000 0.05044927 0.04156985 0.04808671 0.05217880 0.04995272 0.04923244 0.04969231 0.04168331 0.04623386 0.05284477 0.09990516 0.10195924 0.05076939 0.07296083 0.07269982 0.07263645 0.04267255 0.04262216 0.04308479 0.04193485 0.04552791 0.04550985 0.03676561 0.03680993 0.06278694 0.05987121 0.04775087 0.05637950 
GCA_963570025_1                           0.00526646 0.05249057 0.05044620 0.05453964 0.00683555 0.04995418 0.05297382 0.05249635 0.05003182 0.05277967 0.06416259 0.01257522 0.05065258 0.04754158 0.04823978 0.05422928 0.04788010 0.05400624 0.00678572 0.04895845 0.05031729 0.05044927 0.00000000 0.04928519 0.05130896 0.05335816 0.00621408 0.05284026 0.00879959 0.04829249 0.05198533 0.05489555 0.09844431 0.10167402 0.01426049 0.07418547 0.07325258 0.07323623 0.04759473 0.04754367 0.04799851 0.05025888 0.04993560 0.04991590 0.04832154 0.04837517 0.06297505 0.06140723 0.05212895 0.03758453 
GCA_963570105_1                           0.04836422 0.04899000 0.04613299 0.05082048 0.04872714 0.04128335 0.04882680 0.04904140 0.04971857 0.04253994 0.06437927 0.04781640 0.03505773 0.03641970 0.03722909 0.05047071 0.03711569 0.04689094 0.04714468 0.03935016 0.04465225 0.04156985 0.04928519 0.00000000 0.04632349 0.04981975 0.04734752 0.04753160 0.04846814 0.03724365 0.04586626 0.04880909 0.09855634 0.10263261 0.05051753 0.07363739 0.07203682 0.07254333 0.03776054 0.03774760 0.03809600 0.01718966 0.04189212 0.04191668 0.03765722 0.03770181 0.06396797 0.06235785 0.04147993 0.05671685 
GCA_963570575_1                           0.05115349 0.02339785 0.04866341 0.02890392 0.05024161 0.04757524 0.01057498 0.02333168 0.02136213 0.05052825 0.05935235 0.05135091 0.04888294 0.04578569 0.04623386 0.02773078 0.04610847 0.02402723 0.05028265 0.04319992 0.04840357 0.04808671 0.05130896 0.04632349 0.00000000 0.00669824 0.05040739 0.02336983 0.05148281 0.04628708 0.04217689 0.05165611 0.09959125 0.10240978 0.05364679 0.07474774 0.07444666 0.07404460 0.04829106 0.04818854 0.04870455 0.04768322 0.04865740 0.04866170 0.04531612 0.04536875 0.06015716 0.06118176 0.05343099 0.05980181 
GCA_963571005_1                           0.05330788 0.01930565 0.05181941 0.02501751 0.05158829 0.05161090 0.00422025 0.01933688 0.01655626 0.05449861 0.05833528 0.05344378 0.05231638 0.05081232 0.05017790 0.02370972 0.05076794 0.01904981 0.05243119 0.04976308 0.05090189 0.05217880 0.05335816 0.04981975 0.00669824 0.00000000 0.05294606 0.01937883 0.05350594 0.05022951 0.04514372 0.05341129 0.09917033 0.10286458 0.05504964 0.07475536 0.07397383 0.07387184 0.05180088 0.05171837 0.05223798 0.05123943 0.05110033 0.05111760 0.04941555 0.04946184 0.05865362 0.06111336 0.05642736 0.06161540 
GCA_963571055_1                           0.00542712 0.05227126 0.05156774 0.05379947 0.00726094 0.04972900 0.05267816 0.05228518 0.04961758 0.05193721 0.06353710 0.01229810 0.04935156 0.04659827 0.04719814 0.05354071 0.04695339 0.05315661 0.00684485 0.04564529 0.05079997 0.04995272 0.00621408 0.04734752 0.05040739 0.05294606 0.00000000 0.05182163 0.00842291 0.04720464 0.05082065 0.05340194 0.09694904 0.10047298 0.01388262 0.07438742 0.07311343 0.07328232 0.04679484 0.04672066 0.04719251 0.04732631 0.04876842 0.04874241 0.04680900 0.04686922 0.06290185 0.06069022 0.05038838 0.03783748 
GCA_963571475_1                           0.05252408 0.02588651 0.04951334 0.03073645 0.05126867 0.04873199 0.02192020 0.02580642 0.01394031 0.05058824 0.05811360 0.05283042 0.04987146 0.04823663 0.04820928 0.02984837 0.04893770 0.02199976 0.05206071 0.04714308 0.04867058 0.04923244 0.05284026 0.04753160 0.02336983 0.01937883 0.05182163 0.00000000 0.05278288 0.04823344 0.04814246 0.05339512 0.09879208 0.10140005 0.05417861 0.07369089 0.07317511 0.07336497 0.04933913 0.04930430 0.04976663 0.04943602 0.04889741 0.04890849 0.04684178 0.04691104 0.05800970 0.05894891 0.04694429 0.05987127 
GCA_963571975_1                           0.00792973 0.05195274 0.05195201 0.05348249 0.00959868 0.04927913 0.05290152 0.05196392 0.05024412 0.05221271 0.06370865 0.01465505 0.04936852 0.04666201 0.04743002 0.05321315 0.04668255 0.05346944 0.00906029 0.04818500 0.05179948 0.04969231 0.00879959 0.04846814 0.05148281 0.05350594 0.00842291 0.05278288 0.00000000 0.04750500 0.05004969 0.05469029 0.09798972 0.10140572 0.01618584 0.07462626 0.07371248 0.07388355 0.04649896 0.04644944 0.04691770 0.04918087 0.04933961 0.04930634 0.04667549 0.04674563 0.06356832 0.06108924 0.05136211 0.03914413 
GCA_963572615_1                           0.04633270 0.04978099 0.04388612 0.04998228 0.04771397 0.04127910 0.04799216 0.04970414 0.04953589 0.03884737 0.06470392 0.04587278 0.03674275 0.03508987 0.00008026 0.04976914 0.03649646 0.04738903 0.04641134 0.03727959 0.03787013 0.04168331 0.04829249 0.03724365 0.04628708 0.05022951 0.04720464 0.04823344 0.04750500 0.00000000 0.04265516 0.04744140 0.09918978 0.10071563 0.04953253 0.07280084 0.07312838 0.07318988 0.02760318 0.02754572 0.02782566 0.03892672 0.03838338 0.03839829 0.03304089 0.03306938 0.06344694 0.06005766 0.04173147 0.05414193 
GCA_963573095_1                           0.05121146 0.04746316 0.04944688 0.04694451 0.05062539 0.04591406 0.04554364 0.04749076 0.04642044 0.04260632 0.06542516 0.04947321 0.04632327 0.04372175 0.04260051 0.04646522 0.04351363 0.04535435 0.05029267 0.03941957 0.04816102 0.04623386 0.05198533 0.04586626 0.04217689 0.04514372 0.05082065 0.04814246 0.05004969 0.04265516 0.00000000 0.05133568 0.10111887 0.10570942 0.05340368 0.07680223 0.07594158 0.07612517 0.04429097 0.04422773 0.04470070 0.04594601 0.04656027 0.04657085 0.04211658 0.04215757 0.06489716 0.06375993 0.04889677 0.05999095 
GCA_963573225_1                           0.05368105 0.05200270 0.05419884 0.04861440 0.05355941 0.05245032 0.04849193 0.05187014 0.05366366 0.05015420 0.06378272 0.05282905 0.05120838 0.04893423 0.04738600 0.04834549 0.04906025 0.05198706 0.05308942 0.05183396 0.05353682 0.05284477 0.05489555 0.04880909 0.05165611 0.05341129 0.05340194 0.05339512 0.05469029 0.04744140 0.05133568 0.00000000 0.10108731 0.10313129 0.05542030 0.07510601 0.07417392 0.07471114 0.04924137 0.04917789 0.04967063 0.05071893 0.05033576 0.05035853 0.05036916 0.05041185 0.06396741 0.06204380 0.05185890 0.06003243 
GCF_000773235_1_Australia                 0.09717245 0.09844547 0.10061060 0.09874954 0.09681523 0.09956822 0.09965737 0.09844580 0.09805606 0.10216319 0.10604244 0.09895584 0.10279522 0.09975015 0.09910915 0.09847589 0.10023297 0.09705577 0.09722269 0.10163783 0.10052571 0.09990516 0.09844431 0.09855634 0.09959125 0.09917033 0.09694904 0.09879208 0.09798972 0.09918978 0.10111887 0.10108731 0.00000000 0.12470306 0.09857384 0.12255303 0.12108350 0.12189463 0.09949986 0.09924843 0.10031902 0.10172646 0.09976333 0.09974587 0.09836781 0.09858178 0.10441301 0.10431115 0.10334101 0.10951637 
GCF_000774495_1_Australia                 0.10157474 0.10101490 0.10227392 0.10124199 0.10106521 0.10164615 0.10133059 0.10032313 0.10022617 0.10494289 0.10701060 0.10232588 0.10363834 0.10152820 0.10069061 0.10142127 0.10191837 0.10121327 0.10095266 0.10376529 0.10245815 0.10195924 0.10167402 0.10263261 0.10240978 0.10286458 0.10047298 0.10140005 0.10140572 0.10071563 0.10570942 0.10313129 0.12470306 0.00000000 0.10295583 0.12652361 0.12430949 0.12675390 0.10179650 0.10157323 0.10274710 0.10450297 0.10155680 0.10163378 0.10119667 0.10132686 0.10692747 0.10604420 0.10550732 0.11045824 
GCF_001207785_2_Malaysia                  0.01304704 0.05453262 0.05425626 0.05603902 0.01421243 0.05046849 0.05396729 0.05435813 0.05187401 0.05376047 0.06585457 0.01966166 0.05215285 0.04898526 0.04950268 0.05594746 0.04965303 0.05543904 0.01435581 0.05053249 0.05363960 0.05076939 0.01426049 0.05051753 0.05364679 0.05504964 0.01388262 0.05417861 0.01618584 0.04953253 0.05340368 0.05542030 0.09857384 0.10295583 0.00000000 0.07521815 0.07432989 0.07464812 0.04812201 0.04805576 0.04858110 0.05179590 0.04618390 0.04615390 0.04955502 0.04961745 0.06555820 0.06252348 0.05274934 0.03910159 
GCF_002110925_1_USA_Texas                 0.07410687 0.07416402 0.07378027 0.07435005 0.07370997 0.07205423 0.07430857 0.07421173 0.07377623 0.07731702 0.07785200 0.07409139 0.07605128 0.07252035 0.07272434 0.07453303 0.07327126 0.07244514 0.07366502 0.07450560 0.07346551 0.07296083 0.07418547 0.07363739 0.07474774 0.07475536 0.07438742 0.07369089 0.07462626 0.07280084 0.07680223 0.07510601 0.12255303 0.12652361 0.07521815 0.00000000 0.02132757 0.02009168 0.07415042 0.07403826 0.07487662 0.07414277 0.07491048 0.07494857 0.07268182 0.07274718 0.07797525 0.07527796 0.07795580 0.08204703 
GCF_002110985_1_USA_Puerto_Rico           0.07333757 0.07314282 0.07349638 0.07264309 0.07237048 0.07197338 0.07403107 0.07316864 0.07330102 0.07609037 0.07794328 0.07314239 0.07616235 0.07172428 0.07301484 0.07271475 0.07212663 0.07195175 0.07246120 0.07388965 0.07323230 0.07269982 0.07325258 0.07203682 0.07444666 0.07397383 0.07311343 0.07317511 0.07371248 0.07312838 0.07594158 0.07417392 0.12108350 0.12430949 0.07432989 0.02132757 0.00000000 0.02022170 0.07358114 0.07349130 0.07432945 0.07334330 0.07416861 0.07425266 0.07267809 0.07280143 0.07785219 0.07487482 0.07663651 0.08050276 
GCF_002111145_1_USA_Arizona_ex_Costa_Rica 0.07359729 0.07311082 0.07349760 0.07296785 0.07291047 0.07176126 0.07345620 0.07316072 0.07367002 0.07683495 0.07756512 0.07306123 0.07534855 0.07247973 0.07312475 0.07308368 0.07274964 0.07286740 0.07273308 0.07267686 0.07364793 0.07263645 0.07323623 0.07254333 0.07404460 0.07387184 0.07328232 0.07336497 0.07388355 0.07318988 0.07612517 0.07471114 0.12189463 0.12675390 0.07464812 0.02009168 0.02022170 0.00000000 0.07426118 0.07414413 0.07500106 0.07290283 0.07347952 0.07352793 0.07242264 0.07248369 0.07689496 0.07528597 0.07716550 0.08107304 
GCF_003268075_1_Viet_Nam                  0.04509512 0.05070393 0.04511283 0.05031152 0.04653657 0.04236378 0.04925167 0.05060224 0.05029140 0.04078588 0.06501664 0.04514298 0.04123355 0.03691786 0.02754886 0.05009042 0.03722424 0.05026733 0.04593978 0.03930759 0.04179300 0.04267255 0.04759473 0.03776054 0.04829106 0.05180088 0.04679484 0.04933913 0.04649896 0.02760318 0.04429097 0.04924137 0.09949986 0.10179650 0.04812201 0.07415042 0.07358114 0.07426118 0.00000000 0.00004276 0.00007831 0.03992283 0.03175713 0.03175409 0.03488517 0.03495294 0.06383750 0.06053325 0.04294370 0.05213507 
GCF_003268105_1_Viet_Nam                  0.04502738 0.05063392 0.04508101 0.05026243 0.04647587 0.04232860 0.04917549 0.05053757 0.05019156 0.04076062 0.06495458 0.04506677 0.04119846 0.03687689 0.02749512 0.05003655 0.03716942 0.05020198 0.04587592 0.03927092 0.04177255 0.04262216 0.04754367 0.03774760 0.04818854 0.05171837 0.04672066 0.04930430 0.04644944 0.02754572 0.04422773 0.04917789 0.09924843 0.10157323 0.04805576 0.07403826 0.07349130 0.07414413 0.00004276 0.00000000 0.00009094 0.03991421 0.03172525 0.03169568 0.03484075 0.03491113 0.06382747 0.06044803 0.04295102 0.05214094 
GCF_009827035_1_Viet_Nam                  0.04545694 0.05114559 0.04552087 0.05076109 0.04691009 0.04275758 0.04966798 0.05105795 0.05071771 0.04118761 0.06559961 0.04549503 0.04160470 0.03726990 0.02778709 0.05054628 0.03755076 0.05068069 0.04635109 0.03967018 0.04215287 0.04308479 0.04799851 0.03809600 0.04870455 0.05223798 0.04719251 0.04976663 0.04691770 0.02782566 0.04470070 0.04967063 0.10031902 0.10274710 0.04858110 0.07487662 0.07432945 0.07500106 0.00007831 0.00009094 0.00000000 0.04027075 0.03201516 0.03200998 0.03518008 0.03523583 0.06440847 0.06110619 0.04330261 0.05269993 
GCF_014712775_1_Laos                      0.04996771 0.05043411 0.04619006 0.05246014 0.04983244 0.04151426 0.05010959 0.05025605 0.05123356 0.04315928 0.06578451 0.04915224 0.03297112 0.03978930 0.03891519 0.05232192 0.04056506 0.04862432 0.04681108 0.03972304 0.04407579 0.04193485 0.05025888 0.01718966 0.04768322 0.05123943 0.04732631 0.04943602 0.04918087 0.03892672 0.04594601 0.05071893 0.10172646 0.10450297 0.05179590 0.07414277 0.07334330 0.07290283 0.03992283 0.03991421 0.04027075 0.00000000 0.04233557 0.04231475 0.03810736 0.03815928 0.06437793 0.06152886 0.03980721 0.05601640 
GCF_014712835_1_Laos                      0.04904587 0.05077189 0.04816172 0.05150883 0.04868391 0.04502268 0.04992538 0.05082323 0.05087322 0.04428697 0.06393367 0.04889766 0.04478494 0.04042360 0.03832593 0.05142488 0.04012749 0.04987328 0.04817318 0.04183216 0.04581799 0.04552791 0.04993560 0.04189212 0.04865740 0.05110033 0.04876842 0.04889741 0.04933961 0.03838338 0.04656027 0.05033576 0.09976333 0.10155680 0.04618390 0.07491048 0.07416861 0.07347952 0.03175713 0.03172525 0.03201516 0.04233557 0.00000000 0.00000246 0.03992277 0.03993541 0.06101244 0.06141723 0.04298173 0.05455033 
GCF_014712895_1_Laos                      0.04900802 0.05078981 0.04818993 0.05153182 0.04865475 0.04501150 0.04995009 0.05084225 0.05088160 0.04429527 0.06394982 0.04886576 0.04478763 0.04042633 0.03834075 0.05144780 0.04012602 0.04987350 0.04813767 0.04184195 0.04584150 0.04550985 0.04991590 0.04191668 0.04866170 0.05111760 0.04874241 0.04890849 0.04930634 0.03839829 0.04657085 0.05035853 0.09974587 0.10163378 0.04615390 0.07494857 0.07425266 0.07352793 0.03175409 0.03169568 0.03200998 0.04231475 0.00000246 0.00000000 0.03993594 0.03995572 0.06100278 0.06140618 0.04301609 0.05453834 
GCF_014712915_1_Laos                      0.04714610 0.05038654 0.04433914 0.05058318 0.04767020 0.03658342 0.04810440 0.05045725 0.04812683 0.03929086 0.06425266 0.04653960 0.03814251 0.03393725 0.03300063 0.05025614 0.03333995 0.04643146 0.04707623 0.02877495 0.04166086 0.03676561 0.04832154 0.03765722 0.04531612 0.04941555 0.04680900 0.04684178 0.04667549 0.03304089 0.04211658 0.05036916 0.09836781 0.10119667 0.04955502 0.07268182 0.07267809 0.07242264 0.03488517 0.03484075 0.03518008 0.03810736 0.03992277 0.03993594 0.00000000 0.00001510 0.06366318 0.05955863 0.04201480 0.05542603 
GCF_014712935_1_Laos                      0.04720320 0.05046582 0.04439270 0.05063416 0.04773335 0.03662615 0.04814605 0.05052936 0.04816530 0.03935123 0.06430156 0.04660273 0.03818559 0.03399444 0.03302396 0.05031410 0.03339471 0.04645505 0.04712538 0.02883170 0.04170375 0.03680993 0.04837517 0.03770181 0.04536875 0.04946184 0.04686922 0.04691104 0.04674563 0.03306938 0.04215757 0.05041185 0.09858178 0.10132686 0.04961745 0.07274718 0.07280143 0.07248369 0.03495294 0.03491113 0.03523583 0.03815928 0.03993541 0.03995572 0.00001510 0.00000000 0.06375674 0.05962466 0.04206487 0.05546927 
GCF_014712955_1_Laos                      0.06319879 0.05908685 0.06299245 0.05882967 0.06256924 0.06220859 0.05945223 0.05913936 0.05793839 0.06660353 0.04234454 0.06306090 0.06592156 0.06300424 0.06341950 0.05951600 0.06374210 0.05928184 0.06304445 0.06421018 0.06189243 0.06278694 0.06297505 0.06396797 0.06015716 0.05865362 0.06290185 0.05800970 0.06356832 0.06344694 0.06489716 0.06396741 0.10441301 0.10692747 0.06555820 0.07797525 0.07785219 0.07689496 0.06383750 0.06382747 0.06440847 0.06437793 0.06101244 0.06100278 0.06366318 0.06375674 0.00000000 0.05631022 0.06651595 0.07035088 
GCF_014713085_1_Laos                      0.06052375 0.05922747 0.06031137 0.05954700 0.06101286 0.05944186 0.06051295 0.05916343 0.05927096 0.06348070 0.05889202 0.06043874 0.06346352 0.06038174 0.06000322 0.05961698 0.06042273 0.05973218 0.06058409 0.06170268 0.06005124 0.05987121 0.06140723 0.06235785 0.06118176 0.06111336 0.06069022 0.05894891 0.06108924 0.06005766 0.06375993 0.06204380 0.10431115 0.10604420 0.06252348 0.07527796 0.07487482 0.07528597 0.06053325 0.06044803 0.06110619 0.06152886 0.06141723 0.06140618 0.05955863 0.05962466 0.05631022 0.00000000 0.06276405 0.06734622 
GCF_025847905_1_Viet_Nam                  0.05048892 0.05525773 0.04773392 0.05500675 0.05093442 0.04738535 0.05467399 0.05506109 0.05470464 0.04401737 0.06747508 0.05020938 0.03983374 0.04424586 0.04170891 0.05487601 0.04477424 0.05236428 0.05033298 0.04251111 0.04696762 0.04775087 0.05212895 0.04147993 0.05343099 0.05642736 0.05038838 0.04694429 0.05136211 0.04173147 0.04889677 0.05185890 0.10334101 0.10550732 0.05274934 0.07795580 0.07663651 0.07716550 0.04294370 0.04295102 0.04330261 0.03980721 0.04298173 0.04301609 0.04201480 0.04206487 0.06651595 0.06276405 0.00000000 0.05784560 
IE-0001                                   0.03743786 0.05848697 0.05708378 0.06097188 0.03568839 0.05586216 0.06035559 0.05828128 0.05924321 0.05871160 0.07201926 0.04096770 0.05516575 0.05472700 0.05408401 0.06067828 0.05523258 0.06061368 0.03743244 0.05791749 0.05722573 0.05637950 0.03758453 0.05671685 0.05980181 0.06161540 0.03783748 0.05987127 0.03914413 0.05414193 0.05999095 0.06003243 0.10951637 0.11045824 0.03910159 0.08204703 0.08050276 0.08107304 0.05213507 0.05214094 0.05269993 0.05601640 0.05455033 0.05453834 0.05542603 0.05546927 0.07035088 0.06734622 0.05784560 0.00000000 
