50
IP-0131    0.00000000 0.01901634 0.06838777 0.05795702 0.06870834 0.07187125 0.05618185 0.07205672 0.03116775 0.00008335 0.03237547 0.05277731 0.02841709 0.03119377 0.05243279 0.07217374 0.04872898 0.06481110 0.06374937 0.05705575 0.04844859 0.02787975 0.06608288 0.00009542 0.07137568 0.00032136 0.07870244 0.05363454 0.07091626 0.06186936 0.03171996 0.06834613 0.04866805 0.05517827 0.03232673 0.04594576 0.05094137 0.06502414 0.07165758 0.05917093 0.06545298 0.05531672 0.05557868 0.08243570 0.07313513 0.05981885 0.02619130 0.02487808 0.05565916 0.06405187 
IP-0132    0.01901634 0.00000000 0.06756827 0.05506925 0.06727032 0.07328404 0.05459335 0.07346246 0.01997184 0.01909961 0.02187285 0.05189438 0.01811465 0.01579605 0.05078388 0.07354950 0.04679141 0.06222617 0.06080378 0.05462089 0.04990328 0.01160122 0.06355762 0.01903507 0.07270082 0.02000913 0.07150701 0.05387853 0.06968492 0.06094253 0.02252366 0.06652402 0.04673504 0.05466245 0.02170836 0.04235738 0.04513431 0.06351419 0.07305257 0.06036762 0.06333081 0.05524294 0.05190394 0.08436197 0.07458089 0.05760110 0.01587401 0.01196934 0.05176677 0.06093414 
IP-0133    0.06838777 0.06756827 0.00000000 0.07781201 0.01929758 0.08257408 0.07368946 0.08012056 0.07001058 0.06831709 0.07099772 0.07245777 0.06929349 0.06978618 0.07444542 0.08215620 0.07328667 0.08266425 0.07850387 0.07407319 0.07025905 0.06931890 0.02080137 0.06841154 0.07832543 0.07223831 0.13281016 0.07567315 0.00648399 0.07511719 0.07215777 0.02305720 0.07320962 0.07767620 0.07083374 0.07176897 0.07638999 0.02635378 0.08263905 0.07953810 0.02968660 0.07155221 0.07749475 0.06507461 0.08324983 0.07652252 0.06821364 0.06748440 0.07766430 0.02454845 
IP-0134    0.05795702 0.05506925 0.07781201 0.00000000 0.07663847 0.07545128 0.07514636 0.07599853 0.05591865 0.05788357 0.05799763 0.05873373 0.05671721 0.05767984 0.06020662 0.07594744 0.05648750 0.07295228 0.07245407 0.06393004 0.06077335 0.05678831 0.07530914 0.05794681 0.07536178 0.06114337 0.10713187 0.06411594 0.08015973 0.07554628 0.05939569 0.07563785 0.05646662 0.06660577 0.05618986 0.05945458 0.06391407 0.07258754 0.07548161 0.06885726 0.07262425 0.06259577 0.06123525 0.09387192 0.07705794 0.06602128 0.05567976 0.05750485 0.06207736 0.07514578 
IP-0135    0.06870834 0.06727032 0.01929758 0.07663847 0.00000000 0.07894216 0.07029038 0.07619481 0.06894225 0.06903585 0.07233433 0.07205058 0.06863035 0.06952556 0.07255501 0.07856194 0.07296310 0.08114310 0.07459397 0.07002037 0.07336954 0.06899780 0.00739179 0.06874671 0.07404223 0.07265797 0.13092529 0.07375435 0.02198512 0.07473233 0.07010512 0.01067905 0.07285863 0.07647153 0.07003852 0.07089173 0.07427003 0.01428793 0.07862163 0.07668221 0.01842603 0.07044809 0.07503928 0.05925175 0.07971512 0.07633839 0.06982083 0.06716172 0.07469693 0.01241270 
IP-0136    0.07187125 0.07328404 0.08257408 0.07545128 0.07894216 0.00000000 0.07659690 0.00404399 0.07301483 0.07190936 0.07512970 0.07235665 0.07296857 0.07304044 0.06713819 0.00238084 0.07730084 0.07871831 0.08253905 0.06945166 0.07638479 0.07356453 0.07838710 0.07184379 0.00435226 0.07561470 0.13366932 0.07919117 0.08358744 0.08732518 0.07306167 0.07837225 0.07732265 0.08181121 0.07330220 0.07248582 0.07448129 0.07622729 0.00009844 0.08252662 0.07694193 0.06202367 0.07704060 0.09321607 0.00243010 0.05896033 0.07397642 0.07362113 0.07690472 0.07803331 
IP-0137    0.05618185 0.05459335 0.07368946 0.07514636 0.07029038 0.07659690 0.00000000 0.07586978 0.05758317 0.05638177 0.06149257 0.06646093 0.05808594 0.05775141 0.06599366 0.07579404 0.06749536 0.08058471 0.07106602 0.06979270 0.07081060 0.05668784 0.06866590 0.05624286 0.07539068 0.05910952 0.11269781 0.07197233 0.07525083 0.07681629 0.06117088 0.07091171 0.06734115 0.07376952 0.05858044 0.06136814 0.06845955 0.06953660 0.07618129 0.07484093 0.07069181 0.06982560 0.07208297 0.08824815 0.07669196 0.07314708 0.05801592 0.05680522 0.07166715 0.06876959 
IP-0138    0.07205672 0.07346246 0.08012056 0.07599853 0.07619481 0.00404399 0.07586978 0.00000000 0.07392086 0.07244845 0.07495850 0.07306862 0.07320746 0.07386948 0.06759702 0.00187914 0.07734207 0.07873900 0.08329892 0.07005655 0.07685441 0.07414802 0.07568213 0.07199335 0.00398447 0.07602891 0.13839688 0.07950916 0.08140598 0.08704447 0.07395308 0.07568874 0.07734756 0.08166549 0.07461998 0.07350792 0.07483424 0.07470017 0.00401422 0.08246962 0.07480886 0.06223330 0.07704844 0.09206248 0.00183044 0.06146097 0.07375849 0.07348257 0.07652163 0.07490931 
IP-0139    0.03116775 0.01997184 0.07001058 0.05591865 0.06894225 0.07301483 0.05758317 0.07392086 0.00000000 0.03123394 0.03136673 0.05104836 0.02862457 0.02677462 0.04883094 0.07356406 0.05122396 0.06637025 0.06077327 0.05349987 0.05404187 0.02387676 0.06552784 0.03119712 0.07281988 0.03262886 0.07584526 0.05491311 0.07174699 0.06068785 0.03265933 0.06823165 0.05129170 0.05364481 0.00387786 0.04433697 0.04837064 0.06535070 0.07290777 0.06095047 0.06520405 0.05367707 0.05536386 0.08550136 0.07444494 0.05985742 0.02535638 0.02446893 0.05514124 0.06200282 
IP-0140    0.00008335 0.01909961 0.06831709 0.05788357 0.06903585 0.07190936 0.05638177 0.07244845 0.03123394 0.00000000 0.03254582 0.05286403 0.02849586 0.03132554 0.05236320 0.07252080 0.04883085 0.06496069 0.06355567 0.05704315 0.04866772 0.02797006 0.06607150 0.00006169 0.07171999 0.00030588 0.07813086 0.05366353 0.07080309 0.06217337 0.03186308 0.06867714 0.04889253 0.05507865 0.03229598 0.04613218 0.05121594 0.06507217 0.07201160 0.05927739 0.06562662 0.05557221 0.05562078 0.08244926 0.07338618 0.05988979 0.02632076 0.02499687 0.05584529 0.06431931 
IP-0141    0.03237547 0.02187285 0.07099772 0.05799763 0.07233433 0.07512970 0.06149257 0.07495850 0.03136673 0.03254582 0.00000000 0.05471592 0.02138725 0.02753901 0.05622462 0.07500776 0.04987211 0.06701203 0.06586227 0.05929213 0.05418531 0.02368222 0.06739969 0.03242146 0.07472199 0.03389510 0.08096467 0.05800015 0.07255036 0.06590894 0.03577501 0.07064330 0.04974391 0.05730265 0.03124096 0.04711877 0.05079059 0.06851722 0.07475694 0.06213107 0.06819274 0.05902019 0.05578432 0.08844546 0.07614735 0.06150608 0.01886348 0.02473874 0.05592774 0.06632129 
IP-0142    0.05277731 0.05189438 0.07245777 0.05873373 0.07205058 0.07235665 0.06646093 0.07306862 0.05104836 0.05286403 0.05471592 0.00000000 0.05379084 0.05038558 0.03050652 0.07277299 0.05502863 0.07214729 0.06619600 0.06030822 0.04824862 0.05195796 0.07162210 0.05275598 0.07199171 0.05521329 0.07752061 0.06328899 0.07428891 0.06840577 0.05645342 0.07238139 0.05502862 0.06322698 0.05195142 0.04510991 0.05969867 0.06936146 0.07205868 0.06574257 0.06738285 0.03618285 0.06033561 0.08914719 0.07354640 0.06136974 0.05366007 0.05293325 0.06020160 0.07012186 
IP-0143    0.02841709 0.01811465 0.06929349 0.05671721 0.06863035 0.07296857 0.05808594 0.07320746 0.02862457 0.02849586 0.02138725 0.05379084 0.00000000 0.02407151 0.05467471 0.07318096 0.05067839 0.06492771 0.06308694 0.05157220 0.05243420 0.01960092 0.06419938 0.02843194 0.07273076 0.02966464 0.08028830 0.05645201 0.07000689 0.06187656 0.03286098 0.06799220 0.05066222 0.05378429 0.02756317 0.04727147 0.04915680 0.06549617 0.07275962 0.06089241 0.06425740 0.05890975 0.05390552 0.08516227 0.07409144 0.05989440 0.01246967 0.02006106 0.05399989 0.06395984 
IP-0144    0.03119377 0.01579605 0.06978618 0.05767984 0.06952556 0.07304044 0.05775141 0.07386948 0.02677462 0.03132554 0.02753901 0.05038558 0.02407151 0.00000000 0.04632741 0.07366769 0.04826201 0.06686133 0.06396240 0.05665086 0.05149420 0.00588802 0.06689723 0.03122924 0.07266895 0.03273909 0.07631645 0.05684345 0.07139392 0.06400814 0.03371070 0.06764477 0.04825657 0.05559513 0.02882041 0.04428893 0.04760873 0.06477284 0.07283037 0.06001597 0.06525969 0.05039697 0.05464066 0.08531054 0.07444530 0.05872972 0.02583183 0.01924396 0.05472241 0.06389321 
IP-0145    0.05243279 0.05078388 0.07444542 0.06020662 0.07255501 0.06713819 0.06599366 0.06759702 0.04883094 0.05236320 0.05622462 0.03050652 0.05467471 0.04632741 0.00000000 0.06744896 0.05664119 0.07081377 0.06519214 0.06142477 0.05344576 0.05155439 0.07056295 0.05244091 0.06624126 0.05480334 0.07648419 0.06484167 0.07611669 0.06968574 0.05771947 0.07151301 0.05688207 0.06143098 0.04980114 0.04502884 0.06025491 0.06801606 0.06711911 0.06499239 0.06747812 0.02135375 0.06239665 0.08971279 0.06808360 0.06054025 0.05318572 0.05222006 0.06271354 0.06946819 
IP-0146    0.07217374 0.07354950 0.08215620 0.07594744 0.07856194 0.00238084 0.07579404 0.00187914 0.07356406 0.07252080 0.07500776 0.07277299 0.07318096 0.07366769 0.06744896 0.00000000 0.07726976 0.07911024 0.08341179 0.06963364 0.07678958 0.07409334 0.07810914 0.07209656 0.00227427 0.07598845 0.13832563 0.07952337 0.08316001 0.08696519 0.07383746 0.07850673 0.07733877 0.08173584 0.07405625 0.07368385 0.07489332 0.07713208 0.00235314 0.08264126 0.07726631 0.06246932 0.07717171 0.09309863 0.00013592 0.06117964 0.07361265 0.07335191 0.07661209 0.07714370 
IP-0147    0.04872898 0.04679141 0.07328667 0.05648750 0.07296310 0.07730084 0.06749536 0.07734207 0.05122396 0.04883085 0.04987211 0.05502863 0.05067839 0.04826201 0.05664119 0.07726976 0.00000000 0.07007621 0.06714967 0.05897543 0.04604632 0.04810347 0.07203450 0.04878969 0.07614581 0.05125629 0.09595771 0.05763017 0.07730317 0.06644276 0.05274509 0.07150680 0.00000944 0.05991728 0.05161233 0.05360208 0.05914202 0.06941299 0.07691042 0.06442016 0.06984996 0.05676355 0.06004057 0.08821834 0.07826727 0.06773495 0.04987840 0.04984051 0.06012376 0.07025024 
IP-0148    0.06481110 0.06222617 0.08266425 0.07295228 0.08114310 0.07871831 0.08058471 0.07873900 0.06637025 0.06496069 0.06701203 0.07214729 0.06492771 0.06686133 0.07081377 0.07911024 0.07007621 0.00000000 0.07834620 0.07325844 0.07187640 0.06697433 0.07858077 0.06489372 0.07935434 0.06834038 0.12960419 0.07220539 0.08514682 0.08428305 0.06443200 0.08070373 0.07001363 0.07667523 0.06634969 0.06838775 0.07279677 0.07837515 0.07860769 0.07792012 0.07899780 0.07209809 0.07223242 0.09442453 0.08036700 0.07517149 0.06378566 0.06487942 0.07280622 0.07792488 
IP-0149    0.06374937 0.06080378 0.07850387 0.07245407 0.07459397 0.08253905 0.07106602 0.08329892 0.06077327 0.06355567 0.06586227 0.06619600 0.06308694 0.06396240 0.06519214 0.08341179 0.06714967 0.07834620 0.00000000 0.06615319 0.06938452 0.06302756 0.07264337 0.06370894 0.08322923 0.06675065 0.11716055 0.05906332 0.08036034 0.07620423 0.06728414 0.07446645 0.06723026 0.05793369 0.06145144 0.06420637 0.07108352 0.07201850 0.08277890 0.05380652 0.07162150 0.06795731 0.06646793 0.09183742 0.08428869 0.07498057 0.06271763 0.06306994 0.06689865 0.07215237 
IP-0150    0.05705575 0.05462089 0.07407319 0.06393004 0.07002037 0.06945166 0.06979270 0.07005655 0.05349987 0.05704315 0.05929213 0.06030822 0.05157220 0.05665086 0.06142477 0.06963364 0.05897543 0.07325844 0.06615319 0.00000000 0.06064603 0.05660064 0.07251735 0.05702047 0.06950983 0.06026861 0.10138947 0.05846618 0.07711097 0.07163465 0.05994062 0.07335247 0.05906704 0.06120628 0.05423576 0.05813021 0.06502242 0.07091866 0.06948289 0.06383822 0.06715896 0.06128842 0.06407083 0.08771465 0.07053191 0.06688357 0.05416420 0.05586093 0.06444076 0.07191731 
IP-0151    0.04844859 0.04990328 0.07025905 0.06077335 0.07336954 0.07638479 0.07081060 0.07685441 0.05404187 0.04866772 0.05418531 0.04824862 0.05243420 0.05149420 0.05344576 0.07678958 0.04604632 0.07187640 0.06938452 0.06064603 0.00000000 0.05154225 0.07167947 0.04847201 0.07588663 0.05134188 0.09219711 0.06115853 0.07651418 0.06516004 0.05596578 0.07106088 0.04607611 0.05953045 0.05483760 0.05358521 0.06283263 0.06897899 0.07613303 0.06611884 0.06897297 0.05061868 0.06567638 0.09163664 0.07772451 0.06476073 0.05146582 0.05261431 0.06544585 0.07110429 
IP-0152    0.02787975 0.01160122 0.06931890 0.05678831 0.06899780 0.07356453 0.05668784 0.07414802 0.02387676 0.02797006 0.02368222 0.05195796 0.01960092 0.00588802 0.05155439 0.07409334 0.04810347 0.06697433 0.06302756 0.05660064 0.05154225 0.00000000 0.06597673 0.02790953 0.07300592 0.02919119 0.07472846 0.05570166 0.07104608 0.06286869 0.02970583 0.06732716 0.04805066 0.05486318 0.02658325 0.04362337 0.04586480 0.06413633 0.07331724 0.05925420 0.06501552 0.05559196 0.05372769 0.08523859 0.07504226 0.05946784 0.02243597 0.01431001 0.05363043 0.06271062 
IP-0153    0.06608288 0.06355762 0.02080137 0.07530914 0.00739179 0.07838710 0.06866590 0.07568213 0.06552784 0.06607150 0.06739969 0.07162210 0.06419938 0.06689723 0.07056295 0.07810914 0.07203450 0.07858077 0.07264337 0.07251735 0.07167947 0.06597673 0.00000000 0.06609776 0.07353643 0.06951566 0.12401275 0.07226167 0.02253838 0.07268534 0.06782703 0.01044681 0.07181322 0.07454358 0.06595551 0.06906496 0.07227824 0.01418154 0.07839759 0.07537662 0.01755891 0.06790168 0.07293065 0.05949085 0.07927502 0.07365203 0.06407203 0.06305709 0.07333064 0.01258893 
IP-0154    0.00009542 0.01903507 0.06841154 0.05794681 0.06874671 0.07184379 0.05624286 0.07199335 0.03119712 0.00006169 0.03242146 0.05275598 0.02843194 0.03122924 0.05244091 0.07209656 0.04878969 0.06489372 0.06370894 0.05702047 0.04847201 0.02790953 0.06609776 0.00000000 0.07131403 0.00032754 0.07888272 0.05361177 0.07096592 0.06188438 0.03175851 0.06840634 0.04876111 0.05515011 0.03232576 0.04601281 0.05095522 0.06505202 0.07157222 0.05920196 0.06543879 0.05534360 0.05557674 0.08239319 0.07308193 0.05978919 0.02617961 0.02489778 0.05564790 0.06410647 
IP-0155    0.07137568 0.07270082 0.07832543 0.07536178 0.07404223 0.00435226 0.07539068 0.00398447 0.07281988 0.07171999 0.07472199 0.07199171 0.07273076 0.07266895 0.06624126 0.00227427 0.07614581 0.07935434 0.08322923 0.06950983 0.07588663 0.07300592 0.07353643 0.07131403 0.00000000 0.07522332 0.13830201 0.07815246 0.07909657 0.08654823 0.07389552 0.07398941 0.07623442 0.08085864 0.07343238 0.07342062 0.07472552 0.07278576 0.00431997 0.08189995 0.07361263 0.06199087 0.07681363 0.09133222 0.00232968 0.06099069 0.07304186 0.07246069 0.07630624 0.07279765 
IP-0156    0.00032136 0.02000913 0.07223831 0.06114337 0.07265797 0.07561470 0.05910952 0.07602891 0.03262886 0.00030588 0.03389510 0.05521329 0.02966464 0.03273909 0.05480334 0.07598845 0.05125629 0.06834038 0.06675065 0.06026861 0.05134188 0.02919119 0.06951566 0.00032754 0.07522332 0.00000000 0.07850787 0.05674002 0.07484811 0.06529660 0.03331952 0.07200227 0.05126072 0.05731116 0.03398243 0.04825709 0.05367608 0.06861182 0.07547025 0.06219692 0.06896393 0.05819744 0.05806169 0.08694081 0.07688275 0.06300149 0.02737186 0.02603431 0.05822851 0.06709094 
IP-0157    0.07870244 0.07150701 0.13281016 0.10713187 0.13092529 0.13366932 0.11269781 0.13839688 0.07584526 0.07813086 0.08096467 0.07752061 0.08028830 0.07631645 0.07648419 0.13832563 0.09595771 0.12960419 0.11716055 0.10138947 0.09219711 0.07472846 0.12401275 0.07888272 0.13830201 0.07850787 0.00000000 0.10761541 0.13725185 0.12451848 0.08906726 0.12844132 0.09576139 0.10109010 0.07574492 0.00065975 0.10276125 0.11910251 0.13506607 0.11115971 0.12185553 0.08763262 0.10943520 0.19299326 0.14025507 0.11115994 0.07667873 0.07655761 0.11041838 0.12625101 
IP-0158    0.05363454 0.05387853 0.07567315 0.06411594 0.07375435 0.07919117 0.07197233 0.07950916 0.05491311 0.05366353 0.05800015 0.06328899 0.05645201 0.05684345 0.06484167 0.07952337 0.05763017 0.07220539 0.05906332 0.05846618 0.06115853 0.05570166 0.07226167 0.05361177 0.07815246 0.05674002 0.10761541 0.00000000 0.07775664 0.07034115 0.06109607 0.07306367 0.05757280 0.05349322 0.05531569 0.06100410 0.06561829 0.07077218 0.07910047 0.04966524 0.07147778 0.06532235 0.05869166 0.08686687 0.08068627 0.06965970 0.05582666 0.05689077 0.05899460 0.07283561 
IP-0159    0.07091626 0.06968492 0.00648399 0.08015973 0.02198512 0.08358744 0.07525083 0.08140598 0.07174699 0.07080309 0.07255036 0.07428891 0.07000689 0.07139392 0.07611669 0.08316001 0.07730317 0.08514682 0.08036034 0.07711097 0.07651418 0.07104608 0.02253838 0.07096592 0.07909657 0.07484811 0.13725185 0.07775664 0.00000000 0.07653496 0.07427415 0.02514433 0.07722152 0.07977036 0.07243411 0.07313619 0.07820173 0.02895178 0.08368249 0.08158144 0.03168385 0.07448992 0.08004146 0.06579794 0.08427391 0.07983734 0.06948579 0.06922272 0.08022805 0.02620784 
IP-0160    0.06186936 0.06094253 0.07511719 0.07554628 0.07473233 0.08732518 0.07681629 0.08704447 0.06068785 0.06217337 0.06590894 0.06840577 0.06187656 0.06400814 0.06968574 0.08696519 0.06644276 0.08428305 0.07620423 0.07163465 0.06516004 0.06286869 0.07268534 0.06188438 0.08654823 0.06529660 0.12451848 0.07034115 0.07653496 0.00000000 0.06917396 0.07423357 0.06661576 0.07128950 0.06176336 0.06644660 0.07561159 0.07389805 0.08691474 0.07231716 0.07463708 0.06983274 0.07263592 0.08633101 0.08785250 0.07887319 0.06036701 0.06319386 0.07318804 0.07270242 
IP-0161    0.03171996 0.02252366 0.07215777 0.05939569 0.07010512 0.07306167 0.06117088 0.07395308 0.03265933 0.03186308 0.03577501 0.05645342 0.03286098 0.03371070 0.05771947 0.07383746 0.05274509 0.06443200 0.06728414 0.05994062 0.05596578 0.02970583 0.06782703 0.03175851 0.07389552 0.03331952 0.08906726 0.06109607 0.07427415 0.06917396 0.00000000 0.07043027 0.05264858 0.06202807 0.03373467 0.05108271 0.05367305 0.06812072 0.07276284 0.06597209 0.06870496 0.06087292 0.05394501 0.08472428 0.07489904 0.05981750 0.02947202 0.02751324 0.05346843 0.06521744 
IP-0162    0.06834613 0.06652402 0.02305720 0.07563785 0.01067905 0.07837225 0.07091171 0.07568874 0.06823165 0.06867714 0.07064330 0.07238139 0.06799220 0.06764477 0.07151301 0.07850673 0.07150680 0.08070373 0.07446645 0.07335247 0.07106088 0.06732716 0.01044681 0.06840634 0.07398941 0.07200227 0.12844132 0.07306367 0.02514433 0.07423357 0.07043027 0.00000000 0.07132955 0.07617433 0.06886326 0.07014885 0.07306858 0.00390559 0.07793733 0.07683674 0.00856530 0.06916564 0.07432664 0.06180476 0.07956912 0.07378380 0.06832110 0.06604331 0.07439822 0.01639001 
IP-0163    0.04866805 0.04673504 0.07320962 0.05646662 0.07285863 0.07732265 0.06734115 0.07734756 0.05129170 0.04889253 0.04974391 0.05502862 0.05066222 0.04825657 0.05688207 0.07733877 0.00000944 0.07001363 0.06723026 0.05906704 0.04607611 0.04805066 0.07181322 0.04876111 0.07623442 0.05126072 0.09576139 0.05757280 0.07722152 0.06661576 0.05264858 0.07132955 0.00000000 0.06005619 0.05159227 0.05364849 0.05907196 0.06930758 0.07696323 0.06439150 0.06977315 0.05677630 0.05992857 0.08845783 0.07848525 0.06772986 0.04983249 0.04987122 0.06019936 0.07010339 
IP-0164    0.05517827 0.05466245 0.07767620 0.06660577 0.07647153 0.08181121 0.07376952 0.08166549 0.05364481 0.05507865 0.05730265 0.06322698 0.05378429 0.05559513 0.06143098 0.08173584 0.05991728 0.07667523 0.05793369 0.06120628 0.05953045 0.05486318 0.07454358 0.05515011 0.08085864 0.05731116 0.10109010 0.05349322 0.07977036 0.07128950 0.06202807 0.07617433 0.06005619 0.00000000 0.05292464 0.05841075 0.06537198 0.07414936 0.08187613 0.01332161 0.07253802 0.06438830 0.06458481 0.09001159 0.08245220 0.07109191 0.05377281 0.05666075 0.06501606 0.07326251 
IP-0165    0.03232673 0.02170836 0.07083374 0.05618986 0.07003852 0.07330220 0.05858044 0.07461998 0.00387786 0.03229598 0.03124096 0.05195142 0.02756317 0.02882041 0.04980114 0.07405625 0.05161233 0.06634969 0.06145144 0.05423576 0.05483760 0.02658325 0.06595551 0.03232576 0.07343238 0.03398243 0.07574492 0.05531569 0.07243411 0.06176336 0.03373467 0.06886326 0.05159227 0.05292464 0.00000000 0.04480930 0.04898833 0.06609490 0.07349103 0.06055811 0.06561301 0.05486003 0.05532365 0.08665923 0.07480869 0.06028350 0.02446664 0.02556400 0.05530274 0.06297563 
IP-0166    0.04594576 0.04235738 0.07176897 0.05945458 0.07089173 0.07248582 0.06136814 0.07350792 0.04433697 0.04613218 0.04711877 0.04510991 0.04727147 0.04428893 0.04502884 0.07368385 0.05360208 0.06838775 0.06420637 0.05813021 0.05358521 0.04362337 0.06906496 0.04601281 0.07342062 0.04825709 0.00065975 0.06100410 0.07313619 0.06644660 0.05108271 0.07014885 0.05364849 0.05841075 0.04480930 0.00000000 0.05660684 0.06685432 0.07213212 0.06235315 0.06682362 0.04990697 0.05994706 0.08742324 0.07479101 0.06101948 0.04504346 0.04469452 0.06007648 0.06805079 
IP-0167    0.05094137 0.04513431 0.07638999 0.06391407 0.07427003 0.07448129 0.06845955 0.07483424 0.04837064 0.05121594 0.05079059 0.05969867 0.04915680 0.04760873 0.06025491 0.07489332 0.05914202 0.07279677 0.07108352 0.06502242 0.06283263 0.04586480 0.07227824 0.05095522 0.07472552 0.05367608 0.10276125 0.06561829 0.07820173 0.07561159 0.05367305 0.07306858 0.05907196 0.06537198 0.04898833 0.05660684 0.00000000 0.07038015 0.07421719 0.06824103 0.07097609 0.06296611 0.06063559 0.09026241 0.07585601 0.06517823 0.04785538 0.04740403 0.06091436 0.07089512 
IP-0168    0.06502414 0.06351419 0.02635378 0.07258754 0.01428793 0.07622729 0.06953660 0.07470017 0.06535070 0.06507217 0.06851722 0.06936146 0.06549617 0.06477284 0.06801606 0.07713208 0.06941299 0.07837515 0.07201850 0.07091866 0.06897899 0.06413633 0.01418154 0.06505202 0.07278576 0.06861182 0.11910251 0.07077218 0.02895178 0.07389805 0.06812072 0.00390559 0.06930758 0.07414936 0.06609490 0.06685432 0.07038015 0.00000000 0.07626863 0.07483474 0.01236265 0.06590136 0.07297376 0.06345039 0.07821529 0.07089484 0.06630289 0.06397170 0.07302718 0.02031326 
IP-0169    0.07165758 0.07305257 0.08263905 0.07548161 0.07862163 0.00009844 0.07618129 0.00401422 0.07290777 0.07201160 0.07475694 0.07205868 0.07275962 0.07283037 0.06711911 0.00235314 0.07691042 0.07860769 0.08277890 0.06948289 0.07613303 0.07331724 0.07839759 0.07157222 0.00431997 0.07547025 0.13506607 0.07910047 0.08368249 0.08691474 0.07276284 0.07793733 0.07696323 0.08187613 0.07349103 0.07213212 0.07421719 0.07626863 0.00000000 0.08242966 0.07655933 0.06173329 0.07703712 0.09284691 0.00240933 0.05895863 0.07360551 0.07325341 0.07659627 0.07763830 
IP-0170    0.05917093 0.06036762 0.07953810 0.06885726 0.07668221 0.08252662 0.07484093 0.08246962 0.06095047 0.05927739 0.06213107 0.06574257 0.06089241 0.06001597 0.06499239 0.08264126 0.06442016 0.07792012 0.05380652 0.06383822 0.06611884 0.05925420 0.07537662 0.05920196 0.08189995 0.06219692 0.11115971 0.04966524 0.08158144 0.07231716 0.06597209 0.07683674 0.06439150 0.01332161 0.06055811 0.06235315 0.06824103 0.07483474 0.08242966 0.00000000 0.07453270 0.06707174 0.06308281 0.09165650 0.08379026 0.07386232 0.06119110 0.06176141 0.06412606 0.07511680 
IP-0171    0.06545298 0.06333081 0.02968660 0.07262425 0.01842603 0.07694193 0.07069181 0.07480886 0.06520405 0.06562662 0.06819274 0.06738285 0.06425740 0.06525969 0.06747812 0.07726631 0.06984996 0.07899780 0.07162150 0.06715896 0.06897297 0.06501552 0.01755891 0.06543879 0.07361263 0.06896393 0.12185553 0.07147778 0.03168385 0.07463708 0.06870496 0.00856530 0.06977315 0.07253802 0.06561301 0.06682362 0.07097609 0.01236265 0.07655933 0.07453270 0.00000000 0.06558370 0.07247955 0.06461804 0.07821956 0.07255898 0.06547652 0.06353464 0.07232719 0.02330362 
IP-0172    0.05531672 0.05524294 0.07155221 0.06259577 0.07044809 0.06202367 0.06982560 0.06223330 0.05367707 0.05557221 0.05902019 0.03618285 0.05890975 0.05039697 0.02135375 0.06246932 0.05676355 0.07209809 0.06795731 0.06128842 0.05061868 0.05559196 0.06790168 0.05534360 0.06199087 0.05819744 0.08763262 0.06532235 0.07448992 0.06983274 0.06087292 0.06916564 0.05677630 0.06438830 0.05486003 0.04990697 0.06296611 0.06590136 0.06173329 0.06707174 0.06558370 0.00000000 0.06443147 0.08965353 0.06330069 0.06188824 0.05877884 0.05663430 0.06447583 0.06700117 
IP-0173    0.05557868 0.05190394 0.07749475 0.06123525 0.07503928 0.07704060 0.07208297 0.07704844 0.05536386 0.05562078 0.05578432 0.06033561 0.05390552 0.05464066 0.06239665 0.07717171 0.06004057 0.07223242 0.06646793 0.06407083 0.06567638 0.05372769 0.07293065 0.05557674 0.07681363 0.05806169 0.10943520 0.05869166 0.08004146 0.07263592 0.05394501 0.07432664 0.05992857 0.06458481 0.05532365 0.05994706 0.06063559 0.07297376 0.07703712 0.06308281 0.07247955 0.06443147 0.00000000 0.08778921 0.07835255 0.06978944 0.05227197 0.05275696 0.00094250 0.07197566 
IP-0174    0.08243570 0.08436197 0.06507461 0.09387192 0.05925175 0.09321607 0.08824815 0.09206248 0.08550136 0.08244926 0.08844546 0.08914719 0.08516227 0.08531054 0.08971279 0.09309863 0.08821834 0.09442453 0.09183742 0.08771465 0.09163664 0.08523859 0.05949085 0.08239319 0.09133222 0.08694081 0.19299326 0.08686687 0.06579794 0.08633101 0.08472428 0.06180476 0.08845783 0.09001159 0.08665923 0.08742324 0.09026241 0.06345039 0.09284691 0.09165650 0.06461804 0.08965353 0.08778921 0.00000000 0.09403268 0.09283109 0.08499967 0.08326167 0.08767667 0.06312853 
IP-0175    0.07313513 0.07458089 0.08324983 0.07705794 0.07971512 0.00243010 0.07669196 0.00183044 0.07444494 0.07338618 0.07614735 0.07354640 0.07409144 0.07444530 0.06808360 0.00013592 0.07826727 0.08036700 0.08428869 0.07053191 0.07772451 0.07504226 0.07927502 0.07308193 0.00232968 0.07688275 0.14025507 0.08068627 0.08427391 0.08785250 0.07489904 0.07956912 0.07848525 0.08245220 0.07480869 0.07479101 0.07585601 0.07821529 0.00240933 0.08379026 0.07821956 0.06330069 0.07835255 0.09403268 0.00000000 0.06210139 0.07470408 0.07438413 0.07734091 0.07819076 
IP-0176    0.05981885 0.05760110 0.07652252 0.06602128 0.07633839 0.05896033 0.07314708 0.06146097 0.05985742 0.05988979 0.06150608 0.06136974 0.05989440 0.05872972 0.06054025 0.06117964 0.06773495 0.07517149 0.07498057 0.06688357 0.06476073 0.05946784 0.07365203 0.05978919 0.06099069 0.06300149 0.11115994 0.06965970 0.07983734 0.07887319 0.05981750 0.07378380 0.06772986 0.07109191 0.06028350 0.06101948 0.06517823 0.07089484 0.05895863 0.07386232 0.07255898 0.06188824 0.06978944 0.09283109 0.06210139 0.00000000 0.05885972 0.05857159 0.07001908 0.07229840 
IP-0177    0.02619130 0.01587401 0.06821364 0.05567976 0.06982083 0.07397642 0.05801592 0.07375849 0.02535638 0.02632076 0.01886348 0.05366007 0.01246967 0.02583183 0.05318572 0.07361265 0.04987840 0.06378566 0.06271763 0.05416420 0.05146582 0.02243597 0.06407203 0.02617961 0.07304186 0.02737186 0.07667873 0.05582666 0.06948579 0.06036701 0.02947202 0.06832110 0.04983249 0.05377281 0.02446664 0.04504346 0.04785538 0.06630289 0.07360551 0.06119110 0.06547652 0.05877884 0.05227197 0.08499967 0.07470408 0.05885972 0.00000000 0.01852992 0.05281380 0.06350622 
IP-0178    0.02487808 0.01196934 0.06748440 0.05750485 0.06716172 0.07362113 0.05680522 0.07348257 0.02446893 0.02499687 0.02473874 0.05293325 0.02006106 0.01924396 0.05222006 0.07335191 0.04984051 0.06487942 0.06306994 0.05586093 0.05261431 0.01431001 0.06305709 0.02489778 0.07246069 0.02603431 0.07655761 0.05689077 0.06922272 0.06319386 0.02751324 0.06604331 0.04987122 0.05666075 0.02556400 0.04469452 0.04740403 0.06397170 0.07325341 0.06176141 0.06353464 0.05663430 0.05275696 0.08326167 0.07438413 0.05857159 0.01852992 0.00000000 0.05261616 0.06036572 
IP-0179    0.05565916 0.05176677 0.07766430 0.06207736 0.07469693 0.07690472 0.07166715 0.07652163 0.05514124 0.05584529 0.05592774 0.06020160 0.05399989 0.05472241 0.06271354 0.07661209 0.06012376 0.07280622 0.06689865 0.06444076 0.06544585 0.05363043 0.07333064 0.05564790 0.07630624 0.05822851 0.11041838 0.05899460 0.08022805 0.07318804 0.05346843 0.07439822 0.06019936 0.06501606 0.05530274 0.06007648 0.06091436 0.07302718 0.07659627 0.06412606 0.07232719 0.06447583 0.00094250 0.08767667 0.07734091 0.07001908 0.05281380 0.05261616 0.00000000 0.07206801 
IP-0180    0.06405187 0.06093414 0.02454845 0.07514578 0.01241270 0.07803331 0.06876959 0.07490931 0.06200282 0.06431931 0.06632129 0.07012186 0.06395984 0.06389321 0.06946819 0.07714370 0.07025024 0.07792488 0.07215237 0.07191731 0.07110429 0.06271062 0.01258893 0.06410647 0.07279765 0.06709094 0.12625101 0.07283561 0.02620784 0.07270242 0.06521744 0.01639001 0.07010339 0.07326251 0.06297563 0.06805079 0.07089512 0.02031326 0.07763830 0.07511680 0.02330362 0.06700117 0.07197566 0.06312853 0.07819076 0.07229840 0.06350622 0.06036572 0.07206801 0.00000000 
