50
IP-0081    0.00000000 0.07188909 0.06337800 0.02779654 0.06418559 0.02094352 0.05173504 0.05281749 0.05594785 0.02935918 0.04514732 0.05230730 0.06493760 0.06207054 0.05031366 0.06162202 0.06264081 0.07589896 0.06944042 0.05726364 0.04613740 0.06433936 0.05090830 0.06518595 0.06310560 0.02891770 0.04585929 0.06574146 0.06821550 0.04631000 0.05279488 0.05294343 0.05451905 0.05018783 0.06241382 0.06179953 0.06489233 0.05895765 0.06212085 0.03446993 0.04919724 0.02939694 0.05392338 0.03091249 0.05647005 0.05108057 0.05899420 0.06611223 0.06126652 0.06449403 
IP-0082    0.07188909 0.00000000 0.07935876 0.07394551 0.08139166 0.07459057 0.07714197 0.07549542 0.07997804 0.07436712 0.07445899 0.07339422 0.07982402 0.05432988 0.07343657 0.07803600 0.05004738 0.09822485 0.02901804 0.07767311 0.07125977 0.08111320 0.07775934 0.08042123 0.07774688 0.07664834 0.07594977 0.08046880 0.08648552 0.07660042 0.07558723 0.07597455 0.08029658 0.07190671 0.05410377 0.05467528 0.07987210 0.05626108 0.05505375 0.07733573 0.07386574 0.07503179 0.07712494 0.07538916 0.07415130 0.07377315 0.05622335 0.08026004 0.05410725 0.08061156 
IP-0083    0.06337800 0.07935876 0.00000000 0.06305200 0.06963015 0.06345880 0.06673855 0.06560261 0.07058498 0.06299730 0.06475223 0.06225644 0.02526379 0.06903700 0.06469540 0.06768232 0.06929857 0.08435447 0.07729785 0.05890352 0.06191001 0.03483771 0.06732598 0.02659928 0.02972368 0.06437291 0.06563228 0.02732380 0.03059473 0.06282506 0.06565588 0.06636170 0.07047831 0.06507173 0.06883320 0.06924066 0.02523146 0.06667851 0.06927790 0.06677778 0.06620981 0.06291197 0.06802561 0.06389569 0.07378217 0.06392450 0.06669313 0.02825256 0.06871424 0.03890639 
IP-0084    0.02779654 0.07394551 0.06305200 0.00000000 0.06305261 0.01897188 0.05043013 0.05456135 0.05090629 0.01879638 0.04665723 0.04647428 0.06504654 0.06228593 0.04867869 0.06225840 0.06379016 0.07656740 0.07162662 0.05661803 0.04892565 0.06323553 0.04936923 0.06508484 0.06151742 0.02751061 0.04828851 0.06561116 0.06736386 0.04591671 0.05457169 0.05257036 0.05263508 0.04925685 0.06236307 0.06160523 0.06497417 0.05768593 0.06163306 0.03269176 0.04963102 0.01886593 0.05581142 0.03115214 0.05622486 0.04516553 0.05775686 0.06525236 0.06123735 0.06477539 
IP-0085    0.06418559 0.08139166 0.06963015 0.06305261 0.00000000 0.06293588 0.06897103 0.07405526 0.07456835 0.06291605 0.06500100 0.06793971 0.06766588 0.07340631 0.06713923 0.07177923 0.07342254 0.07748451 0.07939698 0.07186011 0.06661585 0.06993880 0.06909278 0.06801522 0.06762671 0.06616334 0.06761160 0.06853086 0.06737303 0.06866725 0.07411500 0.07170973 0.07333422 0.06755676 0.07219771 0.07397288 0.06754994 0.07171989 0.07249664 0.06676059 0.06938781 0.06305804 0.07350257 0.06483780 0.07801074 0.06876503 0.07185007 0.06889943 0.07258248 0.06905987 
IP-0086    0.02094352 0.07459057 0.06345880 0.01897188 0.06293588 0.00000000 0.04996999 0.05307773 0.05456283 0.02028343 0.04450925 0.04982520 0.06545834 0.06214323 0.04696810 0.06120949 0.06235753 0.07481958 0.07171822 0.05527051 0.04899689 0.06248348 0.04807994 0.06555065 0.06296085 0.02067236 0.04644084 0.06622236 0.06833908 0.04345059 0.05311834 0.05222633 0.05068996 0.04715837 0.06157403 0.06096898 0.06532798 0.05727630 0.06089281 0.02809609 0.04888950 0.02089300 0.05578923 0.02373652 0.05677516 0.04866435 0.05735023 0.06523658 0.06087848 0.06385539 
IP-0087    0.05173504 0.07714197 0.06673855 0.05043013 0.06897103 0.04996999 0.00000000 0.06446222 0.06035684 0.05014086 0.05055453 0.05616251 0.06741638 0.06572068 0.05339421 0.06252461 0.06840802 0.08159620 0.07704659 0.06266586 0.05394583 0.06862303 0.00673073 0.06755370 0.06593354 0.05006334 0.05329645 0.06855405 0.07217464 0.05175162 0.06444555 0.05817138 0.05795427 0.05373647 0.06677624 0.06790340 0.06734406 0.06343713 0.06598576 0.05085921 0.05369269 0.05049153 0.06073040 0.05344107 0.06374825 0.05603995 0.06341652 0.06733146 0.06655100 0.06822523 
IP-0088    0.05281749 0.07549542 0.06560261 0.05456135 0.07405526 0.05307773 0.06446222 0.00000000 0.06566326 0.05539504 0.06042806 0.06098539 0.06689205 0.06866034 0.06335499 0.06808974 0.07027494 0.08803138 0.07522011 0.06315067 0.06255271 0.06807449 0.06503831 0.06755438 0.06652243 0.05478560 0.06304365 0.06836343 0.07249229 0.06383747 0.00006813 0.06234508 0.06876854 0.06336069 0.06948898 0.06828933 0.06691060 0.06686343 0.06959852 0.05651100 0.05989895 0.05646215 0.06579056 0.05655481 0.07039868 0.06084544 0.06686901 0.06635142 0.06837369 0.06911674 
IP-0089    0.05594785 0.07997804 0.07058498 0.05090629 0.07456835 0.05456283 0.06035684 0.06566326 0.00000000 0.05388561 0.05469732 0.02334096 0.07229139 0.07173996 0.05968019 0.06855606 0.07407027 0.07751789 0.08046140 0.05995985 0.06052312 0.07189394 0.06053580 0.07309241 0.06545970 0.05386144 0.05908508 0.07391290 0.07791342 0.05520046 0.06584722 0.05902657 0.05839666 0.05989191 0.07222098 0.07006619 0.07220007 0.06208933 0.07044609 0.05642827 0.04919655 0.05402308 0.05928930 0.05652693 0.06752532 0.02040565 0.06206330 0.07058327 0.07001574 0.07604311 
IP-0090    0.02935918 0.07436712 0.06299730 0.01879638 0.06291605 0.02028343 0.05014086 0.05539504 0.05388561 0.00000000 0.04431370 0.05094230 0.06571053 0.06301878 0.04806604 0.06122417 0.06395616 0.07523662 0.07208144 0.05684314 0.04905204 0.06341364 0.04929449 0.06563632 0.06313720 0.02875141 0.04738283 0.06646073 0.06821545 0.04319676 0.05536278 0.05157461 0.05186390 0.04878887 0.06306437 0.06212709 0.06562627 0.05934300 0.06205111 0.03320919 0.04923846 0.00231649 0.05414369 0.03233418 0.05737134 0.05002565 0.05931921 0.06505224 0.06141486 0.06428553 
IP-0091    0.04514732 0.07445899 0.06475223 0.04665723 0.06500100 0.04450925 0.05055453 0.06042806 0.05469732 0.04431370 0.00000000 0.05240760 0.06802050 0.06454903 0.05351269 0.06318099 0.06668431 0.08156751 0.07292010 0.05296396 0.04459601 0.06677383 0.05122825 0.06806548 0.06557470 0.04799739 0.04323439 0.06918653 0.07231626 0.04849369 0.06045904 0.05409810 0.05811822 0.05431151 0.06406030 0.06421206 0.06796362 0.06056600 0.06498587 0.04287423 0.04618162 0.04510061 0.05563687 0.04851569 0.05847063 0.05194824 0.06064152 0.06706212 0.06281048 0.06766758 
IP-0092    0.05230730 0.07339422 0.06225644 0.04647428 0.06793971 0.04982520 0.05616251 0.06098539 0.02334096 0.05094230 0.05240760 0.00000000 0.06095195 0.06504668 0.05634628 0.06282284 0.06571328 0.08031549 0.07279851 0.05783254 0.05466732 0.06141099 0.05678119 0.06192478 0.05233088 0.04840954 0.05377678 0.06239696 0.06732501 0.05368837 0.06115293 0.05561548 0.06150504 0.05679090 0.06502791 0.06320891 0.06103829 0.05887812 0.06428422 0.05125766 0.04950043 0.05098682 0.05652083 0.05186018 0.06292126 0.00374802 0.05889677 0.06016036 0.06427551 0.06559516 
IP-0093    0.06493760 0.07982402 0.02526379 0.06504654 0.06766588 0.06545834 0.06741638 0.06689205 0.07229139 0.06571053 0.06802050 0.06095195 0.00000000 0.06920748 0.06638132 0.06622813 0.06776592 0.08483383 0.07576068 0.07261727 0.06347134 0.03025360 0.06775130 0.00282265 0.00826223 0.06709128 0.06760300 0.00257280 0.00602696 0.06453124 0.06687999 0.07001574 0.07238064 0.06612555 0.06856204 0.06980625 0.00005891 0.06768271 0.06940890 0.06870598 0.06851473 0.06603513 0.07171311 0.06566129 0.07620058 0.06518419 0.06766518 0.02446941 0.06864640 0.03273669 
IP-0094    0.06207054 0.05432988 0.06903700 0.06228593 0.07340631 0.06214323 0.06572068 0.06866034 0.07173996 0.06301878 0.06454903 0.06504668 0.06920748 0.00000000 0.06566697 0.06975411 0.02108303 0.08857065 0.04874936 0.06444939 0.05617996 0.07198656 0.06594293 0.06970063 0.06770184 0.06378383 0.06385564 0.07043223 0.07490396 0.06449838 0.06865303 0.06737945 0.07139471 0.06030315 0.01384620 0.01313559 0.06916544 0.02150631 0.01687117 0.06485343 0.06460215 0.06336609 0.06761553 0.06354647 0.06341180 0.06530924 0.02152077 0.06979373 0.01726416 0.07173506 
IP-0095    0.05031366 0.07343657 0.06469540 0.04867869 0.06713923 0.04696810 0.05339421 0.06335499 0.05968019 0.04806604 0.05351269 0.05634628 0.06638132 0.06566697 0.00000000 0.06032792 0.06594774 0.07497840 0.07182747 0.05801563 0.05664902 0.06723113 0.05298700 0.06682600 0.06487259 0.04861203 0.05557570 0.06779232 0.07113073 0.05543710 0.06341382 0.05735958 0.00011586 0.00334519 0.06576005 0.06580284 0.06636746 0.06299148 0.06561587 0.05175953 0.05190049 0.04843306 0.05749830 0.04860066 0.06408420 0.05572851 0.06301951 0.06794797 0.06490492 0.06586746 
IP-0096    0.06162202 0.07803600 0.06768232 0.06225840 0.07177923 0.06120949 0.06252461 0.06808974 0.06855606 0.06122417 0.06318099 0.06282284 0.06622813 0.06975411 0.06032792 0.00000000 0.07123837 0.08221313 0.07779130 0.06883041 0.06337996 0.07002907 0.06361378 0.06667148 0.06508982 0.06194065 0.06540187 0.06723014 0.07347885 0.06337577 0.06806504 0.06347342 0.06582988 0.06052366 0.06905281 0.06953138 0.06619489 0.06625860 0.06887312 0.06060821 0.06329525 0.06174089 0.06430286 0.06179140 0.07308652 0.06280104 0.06630492 0.06801408 0.06875043 0.06888169 
IP-0097    0.06264081 0.05004738 0.06929857 0.06379016 0.07342254 0.06235753 0.06840802 0.07027494 0.07407027 0.06395616 0.06668431 0.06571328 0.06776592 0.02108303 0.06594774 0.07123837 0.00000000 0.08767899 0.04767808 0.06625987 0.05673973 0.07047777 0.06834369 0.06784666 0.06683913 0.06540604 0.06506865 0.06918943 0.07352279 0.06617037 0.07026947 0.06859673 0.07179443 0.06119029 0.01985004 0.01947540 0.06781577 0.02616900 0.02210355 0.06663260 0.06568848 0.06423508 0.06844483 0.06448237 0.06846008 0.06685660 0.02617641 0.06949828 0.02234892 0.07125939 
IP-0098    0.07589896 0.09822485 0.08435447 0.07656740 0.07748451 0.07481958 0.08159620 0.08803138 0.07751789 0.07523662 0.08156751 0.08031549 0.08483383 0.08857065 0.07497840 0.08221313 0.08767899 0.00000000 0.09694845 0.08655940 0.08351734 0.08548552 0.08138715 0.08455379 0.08389689 0.07706187 0.08164457 0.08599918 0.09218411 0.07963119 0.08806885 0.08483636 0.07251969 0.07557318 0.08826960 0.08863985 0.08489119 0.08534502 0.08758178 0.08059522 0.07993980 0.07565915 0.08568983 0.07682159 0.09222264 0.08024277 0.08522506 0.08569083 0.08742451 0.08615759 
IP-0099    0.06944042 0.02901804 0.07729785 0.07162662 0.07939698 0.07171822 0.07704659 0.07522011 0.08046140 0.07208144 0.07292010 0.07279851 0.07576068 0.04874936 0.07182747 0.07779130 0.04767808 0.09694845 0.00000000 0.07461158 0.06960211 0.07773754 0.07716843 0.07637854 0.07467606 0.07342400 0.07444300 0.07705817 0.08268310 0.07494032 0.07537730 0.07545692 0.07794740 0.07063629 0.04856103 0.04877241 0.07581686 0.05261264 0.05040994 0.07459282 0.07329874 0.07274392 0.07518638 0.07276980 0.07348343 0.07389730 0.05261689 0.07661991 0.04960162 0.07748831 
IP-0100    0.05726364 0.07767311 0.05890352 0.05661803 0.07186011 0.05527051 0.06266586 0.06315067 0.05995985 0.05684314 0.05296396 0.05783254 0.07261727 0.06444939 0.05801563 0.06883041 0.06625987 0.08655940 0.07461158 0.00000000 0.05886992 0.06952191 0.06237737 0.07232884 0.07056558 0.05686148 0.05924520 0.07353351 0.07796710 0.06010076 0.06313481 0.05442024 0.06292954 0.05830539 0.06192908 0.06472530 0.07254641 0.06278315 0.06488194 0.05837134 0.05781985 0.05733936 0.04892871 0.05857596 0.06785356 0.05697072 0.06284078 0.07065134 0.06571751 0.06494427 
IP-0101    0.04613740 0.07125977 0.06191001 0.04892565 0.06661585 0.04899689 0.05394583 0.06255271 0.06052312 0.04905204 0.04459601 0.05466732 0.06347134 0.05617996 0.05664902 0.06337996 0.05673973 0.08351734 0.06960211 0.05886992 0.00000000 0.06615424 0.05326487 0.06413265 0.06123314 0.04911091 0.01916429 0.06433502 0.06805403 0.05160614 0.06262847 0.05635058 0.06159521 0.05642414 0.05609729 0.05557539 0.06356208 0.05399152 0.05631257 0.04710441 0.04306556 0.04943107 0.05623758 0.05085652 0.05748348 0.05450240 0.05403681 0.05823695 0.05606409 0.06546124 
IP-0102    0.06433936 0.08111320 0.03483771 0.06323553 0.06993880 0.06248348 0.06862303 0.06807449 0.07189394 0.06341364 0.06677383 0.06141099 0.03025360 0.07198656 0.06723113 0.07002907 0.07047777 0.08548552 0.07773754 0.06952191 0.06615424 0.00000000 0.06866453 0.03155509 0.03467397 0.06442433 0.06745518 0.03248322 0.03561199 0.06575444 0.06806690 0.07011675 0.07346036 0.06692552 0.07065426 0.07291766 0.03029285 0.07016474 0.07181963 0.06660046 0.06869760 0.06398373 0.07122858 0.06446010 0.07581955 0.06506478 0.07023536 0.02588699 0.07175782 0.04421418 
IP-0103    0.05090830 0.07775934 0.06732598 0.04936923 0.06909278 0.04807994 0.00673073 0.06503831 0.06053580 0.04929449 0.05122825 0.05678119 0.06775130 0.06594293 0.05298700 0.06361378 0.06834369 0.08138715 0.07716843 0.06237737 0.05326487 0.06866453 0.00000000 0.06811760 0.06603334 0.04854315 0.05303926 0.06895744 0.07257765 0.05162374 0.06509018 0.05876102 0.05741811 0.05360092 0.06661399 0.06764028 0.06766714 0.06371740 0.06585748 0.04965570 0.05441419 0.04959708 0.06126013 0.05132983 0.06592429 0.05658324 0.06376822 0.06717434 0.06632776 0.06840225 
IP-0104    0.06518595 0.08042123 0.02659928 0.06508484 0.06801522 0.06555065 0.06755370 0.06755438 0.07309241 0.06563632 0.06806548 0.06192478 0.00282265 0.06970063 0.06682600 0.06667148 0.06784666 0.08455379 0.07637854 0.07232884 0.06413265 0.03155509 0.06811760 0.00000000 0.00985293 0.06738805 0.06772518 0.00529468 0.00832359 0.06489643 0.06752758 0.06980969 0.07281655 0.06651068 0.06874988 0.07005102 0.00281857 0.06808638 0.06948388 0.06902507 0.06849654 0.06599258 0.07157986 0.06605286 0.07641776 0.06579367 0.06809726 0.02554449 0.06912143 0.02862083 
IP-0105    0.06310560 0.07774688 0.02972368 0.06151742 0.06762671 0.06296085 0.06593354 0.06652243 0.06545970 0.06313720 0.06557470 0.05233088 0.00826223 0.06770184 0.06487259 0.06508982 0.06683913 0.08389689 0.07467606 0.07056558 0.06123314 0.03467397 0.06603334 0.00985293 0.00000000 0.06295366 0.06472950 0.01056445 0.01447329 0.06217509 0.06657539 0.06778340 0.07048713 0.06454495 0.06706999 0.06781790 0.00824116 0.06562667 0.06772380 0.06620636 0.06595303 0.06363480 0.06953454 0.06347441 0.07309978 0.05465945 0.06558489 0.02898661 0.06663111 0.03410505 
IP-0106    0.02891770 0.07664834 0.06437291 0.02751061 0.06616334 0.02067236 0.05006334 0.05478560 0.05386144 0.02875141 0.04799739 0.04840954 0.06709128 0.06378383 0.04861203 0.06194065 0.06540604 0.07706187 0.07342400 0.05686148 0.04911091 0.06442433 0.04854315 0.06738805 0.06295366 0.00000000 0.04874441 0.06788895 0.07017350 0.04676985 0.05480089 0.05216680 0.05214757 0.04884168 0.06345098 0.06219070 0.06701937 0.05875740 0.06269341 0.03008323 0.04981033 0.02878872 0.05561322 0.03204599 0.05830608 0.04728508 0.05874892 0.06614491 0.06264053 0.06565013 
IP-0107    0.04585929 0.07594977 0.06563228 0.04828851 0.06761160 0.04644084 0.05329645 0.06304365 0.05908508 0.04738283 0.04323439 0.05377678 0.06760300 0.06385564 0.05557570 0.06540187 0.06506865 0.08164457 0.07444300 0.05924520 0.01916429 0.06745518 0.05303926 0.06772518 0.06472950 0.04874441 0.00000000 0.06823514 0.07261748 0.05121995 0.06304618 0.05413894 0.06031259 0.05562931 0.06494527 0.06350823 0.06761423 0.06088227 0.06499699 0.04884759 0.04266296 0.04747891 0.05611393 0.05000656 0.05789383 0.05397220 0.06092661 0.06217838 0.06376977 0.06881169 
IP-0108    0.06574146 0.08046880 0.02732380 0.06561116 0.06853086 0.06622236 0.06855405 0.06836343 0.07391290 0.06646073 0.06918653 0.06239696 0.00257280 0.07043223 0.06779232 0.06723014 0.06918943 0.08599918 0.07705817 0.07353351 0.06433502 0.03248322 0.06895744 0.00529468 0.01056445 0.06788895 0.06823514 0.00000000 0.00846921 0.06569741 0.06841929 0.07025999 0.07391798 0.06746524 0.06978727 0.07058245 0.00256197 0.06849409 0.07024054 0.06986579 0.06966408 0.06689702 0.07255514 0.06641846 0.07764506 0.06651767 0.06846358 0.02651631 0.06951847 0.03417214 
IP-0109    0.06821550 0.08648552 0.03059473 0.06736386 0.06737303 0.06833908 0.07217464 0.07249229 0.07791342 0.06821545 0.07231626 0.06732501 0.00602696 0.07490396 0.07113073 0.07347885 0.07352279 0.09218411 0.08268310 0.07796710 0.06805403 0.03561199 0.07257765 0.00832359 0.01447329 0.07017350 0.07261748 0.00846921 0.00000000 0.06992826 0.07249715 0.07582436 0.07777160 0.07079232 0.07434867 0.07548966 0.00601183 0.07314154 0.07491936 0.07209493 0.07289876 0.06862940 0.07748200 0.06850514 0.08252797 0.07064517 0.07302317 0.03069172 0.07424230 0.03844978 
IP-0110    0.04631000 0.07660042 0.06282506 0.04591671 0.06866725 0.04345059 0.05175162 0.06383747 0.05520046 0.04319676 0.04849369 0.05368837 0.06453124 0.06449838 0.05543710 0.06337577 0.06617037 0.07963119 0.07494032 0.06010076 0.05160614 0.06575444 0.05162374 0.06489643 0.06217509 0.04676985 0.05121995 0.06569741 0.06992826 0.00000000 0.06377537 0.05710110 0.06028536 0.05608409 0.06651834 0.06603305 0.06461151 0.06208155 0.06512087 0.04811854 0.05069218 0.04282568 0.05829498 0.04770630 0.06159338 0.05234236 0.06197295 0.06099258 0.06464238 0.06481925 
IP-0111    0.05279488 0.07558723 0.06565588 0.05457169 0.07411500 0.05311834 0.06444555 0.00006813 0.06584722 0.05536278 0.06045904 0.06115293 0.06687999 0.06865303 0.06341382 0.06806504 0.07026947 0.08806885 0.07537730 0.06313481 0.06262847 0.06806690 0.06509018 0.06752758 0.06657539 0.05480089 0.06304618 0.06841929 0.07249715 0.06377537 0.00000000 0.06243151 0.06877570 0.06340364 0.06952731 0.06836976 0.06698186 0.06691743 0.06960510 0.05653001 0.05992538 0.05639840 0.06580407 0.05648142 0.07030613 0.06096529 0.06689656 0.06634364 0.06831148 0.06913824 
IP-0112    0.05294343 0.07597455 0.06636170 0.05257036 0.07170973 0.05222633 0.05817138 0.06234508 0.05902657 0.05157461 0.05409810 0.05561548 0.07001574 0.06737945 0.05735958 0.06347342 0.06859673 0.08483636 0.07545692 0.05442024 0.05635058 0.07011675 0.05876102 0.06980969 0.06778340 0.05216680 0.05413894 0.07025999 0.07582436 0.05710110 0.06243151 0.00000000 0.06224927 0.05714152 0.06839013 0.06655662 0.07000487 0.06458139 0.06863488 0.05680253 0.05458635 0.05268422 0.02185459 0.05543720 0.06459513 0.05528194 0.06450849 0.07036518 0.06706479 0.07178607 
IP-0113    0.05451905 0.08029658 0.07047831 0.05263508 0.07333422 0.05068996 0.05795427 0.06876854 0.05839666 0.05186390 0.05811822 0.06150504 0.07238064 0.07139471 0.00011586 0.06582988 0.07179443 0.07251969 0.07794740 0.06292954 0.06159521 0.07346036 0.05741811 0.07281655 0.07048713 0.05214757 0.06031259 0.07391798 0.07777160 0.06028536 0.06877570 0.06224927 0.00000000 0.00353994 0.07134153 0.07162993 0.07231945 0.06818353 0.07109020 0.05620821 0.05628457 0.05232417 0.06244457 0.05254525 0.06975368 0.06034514 0.06822487 0.07428115 0.07027152 0.07173006 
IP-0114    0.05018783 0.07190671 0.06507173 0.04925685 0.06755676 0.04715837 0.05373647 0.06336069 0.05989191 0.04878887 0.05431151 0.05679090 0.06612555 0.06030315 0.00334519 0.06052366 0.06119029 0.07557318 0.07063629 0.05830539 0.05642414 0.06692552 0.05360092 0.06651068 0.06454495 0.04884168 0.05562931 0.06746524 0.07079232 0.05608409 0.06340364 0.05714152 0.00353994 0.00000000 0.06063141 0.06057551 0.06611201 0.05831644 0.06078434 0.05266450 0.05248943 0.04906110 0.05754398 0.04935613 0.06342776 0.05623294 0.05836661 0.06762206 0.05995681 0.06620760 
IP-0115    0.06241382 0.05410377 0.06883320 0.06236307 0.07219771 0.06157403 0.06677624 0.06948898 0.07222098 0.06306437 0.06406030 0.06502791 0.06856204 0.01384620 0.06576005 0.06905281 0.01985004 0.08826960 0.04856103 0.06192908 0.05609729 0.07065426 0.06661399 0.06874988 0.06706999 0.06345098 0.06494527 0.06978727 0.07434867 0.06651834 0.06952731 0.06839013 0.07134153 0.06063141 0.00000000 0.01246785 0.06841248 0.01553736 0.00653073 0.06526545 0.06585088 0.06321674 0.06797360 0.06354902 0.06592049 0.06576728 0.01553002 0.06946822 0.00976993 0.07021964 
IP-0116    0.06179953 0.05467528 0.06924066 0.06160523 0.07397288 0.06096898 0.06790340 0.06828933 0.07006619 0.06212709 0.06421206 0.06320891 0.06980625 0.01313559 0.06580284 0.06953138 0.01947540 0.08863985 0.04877241 0.06472530 0.05557539 0.07291766 0.06764028 0.07005102 0.06781790 0.06219070 0.06350823 0.07058245 0.07548966 0.06603305 0.06836976 0.06655662 0.07162993 0.06057551 0.01246785 0.00000000 0.06973485 0.01966979 0.01485541 0.06432953 0.06363070 0.06235716 0.06631690 0.06295169 0.06605647 0.06304070 0.01968532 0.07124244 0.01506568 0.07217828 
IP-0117    0.06489233 0.07987210 0.02523146 0.06497417 0.06754994 0.06532798 0.06734406 0.06691060 0.07220007 0.06562627 0.06796362 0.06103829 0.00005891 0.06916544 0.06636746 0.06619489 0.06781577 0.08489119 0.07581686 0.07254641 0.06356208 0.03029285 0.06766714 0.00281857 0.00824116 0.06701937 0.06761423 0.00256197 0.00601183 0.06461151 0.06698186 0.07000487 0.07231945 0.06611201 0.06841248 0.06973485 0.00000000 0.06757709 0.06921683 0.06865464 0.06849972 0.06601440 0.07171493 0.06563029 0.07617795 0.06519239 0.06764311 0.02445052 0.06865759 0.03270318 
IP-0118    0.05895765 0.05626108 0.06667851 0.05768593 0.07171989 0.05727630 0.06343713 0.06686343 0.06208933 0.05934300 0.06056600 0.05887812 0.06768271 0.02150631 0.06299148 0.06625860 0.02616900 0.08534502 0.05261264 0.06278315 0.05399152 0.07016474 0.06371740 0.06808638 0.06562667 0.05875740 0.06088227 0.06849409 0.07314154 0.06208155 0.06691743 0.06458139 0.06818353 0.05831644 0.01553736 0.01966979 0.06757709 0.00000000 0.01746997 0.06080998 0.05992634 0.05941752 0.06551752 0.06032864 0.06619362 0.05854481 0.00003611 0.06802712 0.01124776 0.06982429 
IP-0119    0.06212085 0.05505375 0.06927790 0.06163306 0.07249664 0.06089281 0.06598576 0.06959852 0.07044609 0.06205111 0.06498587 0.06428422 0.06940890 0.01687117 0.06561587 0.06887312 0.02210355 0.08758178 0.05040994 0.06488194 0.05631257 0.07181963 0.06585748 0.06948388 0.06772380 0.06269341 0.06499699 0.07024054 0.07491936 0.06512087 0.06960510 0.06863488 0.07109020 0.06078434 0.00653073 0.01485541 0.06921683 0.01746997 0.00000000 0.06412721 0.06480781 0.06178585 0.06755801 0.06305265 0.06691256 0.06458123 0.01749646 0.06991612 0.01218508 0.07056902 
IP-0120    0.03446993 0.07733573 0.06677778 0.03269176 0.06676059 0.02809609 0.05085921 0.05651100 0.05642827 0.03320919 0.04287423 0.05125766 0.06870598 0.06485343 0.05175953 0.06060821 0.06663260 0.08059522 0.07459282 0.05837134 0.04710441 0.06660046 0.04965570 0.06902507 0.06620636 0.03008323 0.04884759 0.06986579 0.07209493 0.04811854 0.05653001 0.05680253 0.05620821 0.05266450 0.06526545 0.06432953 0.06865464 0.06080998 0.06412721 0.00000000 0.04955166 0.03376669 0.05853949 0.03580706 0.05684036 0.05034339 0.06088674 0.06715189 0.06462245 0.06799118 
IP-0121    0.04919724 0.07386574 0.06620981 0.04963102 0.06938781 0.04888950 0.05369269 0.05989895 0.04919655 0.04923846 0.04618162 0.04950043 0.06851473 0.06460215 0.05190049 0.06329525 0.06568848 0.07993980 0.07329874 0.05781985 0.04306556 0.06869760 0.05441419 0.06849654 0.06595303 0.04981033 0.04266296 0.06966408 0.07289876 0.05069218 0.05992538 0.05458635 0.05628457 0.05248943 0.06585088 0.06363070 0.06849972 0.05992634 0.06480781 0.04955166 0.00000000 0.04978238 0.05519092 0.05150031 0.05869601 0.04873268 0.05993199 0.06609074 0.06479315 0.06822497 
IP-0122    0.02939694 0.07503179 0.06291197 0.01886593 0.06305804 0.02089300 0.05049153 0.05646215 0.05402308 0.00231649 0.04510061 0.05098682 0.06603513 0.06336609 0.04843306 0.06174089 0.06423508 0.07565915 0.07274392 0.05733936 0.04943107 0.06398373 0.04959708 0.06599258 0.06363480 0.02878872 0.04747891 0.06689702 0.06862940 0.04282568 0.05639840 0.05268422 0.05232417 0.04906110 0.06321674 0.06235716 0.06601440 0.05941752 0.06178585 0.03376669 0.04978238 0.00000000 0.05489429 0.03202818 0.05755571 0.04978419 0.05934806 0.06529288 0.06151404 0.06478110 
IP-0123    0.05392338 0.07712494 0.06802561 0.05581142 0.07350257 0.05578923 0.06073040 0.06579056 0.05928930 0.05414369 0.05563687 0.05652083 0.07171311 0.06761553 0.05749830 0.06430286 0.06844483 0.08568983 0.07518638 0.04892871 0.05623758 0.07122858 0.06126013 0.07157986 0.06953454 0.05561322 0.05611393 0.07255514 0.07748200 0.05829498 0.06580407 0.02185459 0.06244457 0.05754398 0.06797360 0.06631690 0.07171493 0.06551752 0.06755801 0.05853949 0.05519092 0.05489429 0.00000000 0.05810624 0.06497967 0.05583698 0.06535509 0.07150548 0.06739081 0.07197736 
IP-0124    0.03091249 0.07538916 0.06389569 0.03115214 0.06483780 0.02373652 0.05344107 0.05655481 0.05652693 0.03233418 0.04851569 0.05186018 0.06566129 0.06354647 0.04860066 0.06179140 0.06448237 0.07682159 0.07276980 0.05857596 0.05085652 0.06446010 0.05132983 0.06605286 0.06347441 0.03204599 0.05000656 0.06641846 0.06850514 0.04770630 0.05648142 0.05543720 0.05254525 0.04935613 0.06354902 0.06295169 0.06563029 0.06032864 0.06305265 0.03580706 0.05150031 0.03202818 0.05810624 0.00000000 0.06017398 0.05134928 0.06027809 0.06533235 0.06262604 0.06445259 
IP-0125    0.05647005 0.07415130 0.07378217 0.05622486 0.07801074 0.05677516 0.06374825 0.07039868 0.06752532 0.05737134 0.05847063 0.06292126 0.07620058 0.06341180 0.06408420 0.07308652 0.06846008 0.09222264 0.07348343 0.06785356 0.05748348 0.07581955 0.06592429 0.07641776 0.07309978 0.05830608 0.05789383 0.07764506 0.08252797 0.06159338 0.07030613 0.06459513 0.06975368 0.06342776 0.06592049 0.06605647 0.07617795 0.06619362 0.06691256 0.05684036 0.05869601 0.05755571 0.06497967 0.06017398 0.00000000 0.06219610 0.06611797 0.07610216 0.06619652 0.07515976 
IP-0126    0.05108057 0.07377315 0.06392450 0.04516553 0.06876503 0.04866435 0.05603995 0.06084544 0.02040565 0.05002565 0.05194824 0.00374802 0.06518419 0.06530924 0.05572851 0.06280104 0.06685660 0.08024277 0.07389730 0.05697072 0.05450240 0.06506478 0.05658324 0.06579367 0.05465945 0.04728508 0.05397220 0.06651767 0.07064517 0.05234236 0.06096529 0.05528194 0.06034514 0.05623294 0.06576728 0.06304070 0.06519239 0.05854481 0.06458123 0.05034339 0.04873268 0.04978419 0.05583698 0.05134928 0.06219610 0.00000000 0.05847179 0.06427344 0.06429227 0.06883778 
IP-0127    0.05899420 0.05622335 0.06669313 0.05775686 0.07185007 0.05735023 0.06341652 0.06686901 0.06206330 0.05931921 0.06064152 0.05889677 0.06766518 0.02152077 0.06301951 0.06630492 0.02617641 0.08522506 0.05261689 0.06284078 0.05403681 0.07023536 0.06376822 0.06809726 0.06558489 0.05874892 0.06092661 0.06846358 0.07302317 0.06197295 0.06689656 0.06450849 0.06822487 0.05836661 0.01553002 0.01968532 0.06764311 0.00003611 0.01749646 0.06088674 0.05993199 0.05934806 0.06535509 0.06027809 0.06611797 0.05847179 0.00000000 0.06814466 0.01123432 0.06964519 
IP-0128    0.06611223 0.08026004 0.02825256 0.06525236 0.06889943 0.06523658 0.06733146 0.06635142 0.07058327 0.06505224 0.06706212 0.06016036 0.02446941 0.06979373 0.06794797 0.06801408 0.06949828 0.08569083 0.07661991 0.07065134 0.05823695 0.02588699 0.06717434 0.02554449 0.02898661 0.06614491 0.06217838 0.02651631 0.03069172 0.06099258 0.06634364 0.07036518 0.07428115 0.06762206 0.06946822 0.07124244 0.02445052 0.06802712 0.06991612 0.06715189 0.06609074 0.06529288 0.07150548 0.06533235 0.07610216 0.06427344 0.06814466 0.00000000 0.06936533 0.03945710 
IP-0129    0.06126652 0.05410725 0.06871424 0.06123735 0.07258248 0.06087848 0.06655100 0.06837369 0.07001574 0.06141486 0.06281048 0.06427551 0.06864640 0.01726416 0.06490492 0.06875043 0.02234892 0.08742451 0.04960162 0.06571751 0.05606409 0.07175782 0.06632776 0.06912143 0.06663111 0.06264053 0.06376977 0.06951847 0.07424230 0.06464238 0.06831148 0.06706479 0.07027152 0.05995681 0.00976993 0.01506568 0.06865759 0.01124776 0.01218508 0.06462245 0.06479315 0.06151404 0.06739081 0.06262604 0.06619652 0.06429227 0.01123432 0.06936533 0.00000000 0.06986045 
IP-0130    0.06449403 0.08061156 0.03890639 0.06477539 0.06905987 0.06385539 0.06822523 0.06911674 0.07604311 0.06428553 0.06766758 0.06559516 0.03273669 0.07173506 0.06586746 0.06888169 0.07125939 0.08615759 0.07748831 0.06494427 0.06546124 0.04421418 0.06840225 0.02862083 0.03410505 0.06565013 0.06881169 0.03417214 0.03844978 0.06481925 0.06913824 0.07178607 0.07173006 0.06620760 0.07021964 0.07217828 0.03270318 0.06982429 0.07056902 0.06799118 0.06822497 0.06478110 0.07197736 0.06445259 0.07515976 0.06883778 0.06964519 0.03945710 0.06986045 0.00000000 
